[gd_scene load_steps=49 format=3 uid="uid://duf4oy5m5lkvx"]

[ext_resource type="Script" path="res://man.gd" id="1_oi3tw"]
[ext_resource type="PackedScene" uid="uid://btgpmaa5beg26" path="res://man.glb" id="2_hf81u"]

[sub_resource type="CapsuleShape3D" id="CapsuleShape3D_w1mi0"]
radius = 0.0996024
height = 0.996024

[sub_resource type="CapsuleShape3D" id="CapsuleShape3D_nhv7j"]
radius = 0.00975774
height = 0.0975774

[sub_resource type="CapsuleShape3D" id="CapsuleShape3D_skwjo"]
radius = 0.011384
height = 0.11384

[sub_resource type="CapsuleShape3D" id="CapsuleShape3D_u7i6w"]
radius = 0.0130103
height = 0.130103

[sub_resource type="CapsuleShape3D" id="CapsuleShape3D_06ry7"]
radius = 0.0146366
height = 0.146366

[sub_resource type="CapsuleShape3D" id="CapsuleShape3D_10ckf"]
radius = 0.00722172
height = 0.0722172

[sub_resource type="CapsuleShape3D" id="CapsuleShape3D_adbse"]
radius = 0.0237001
height = 0.237001

[sub_resource type="CapsuleShape3D" id="CapsuleShape3D_6ykku"]
radius = 0.0140161
height = 0.140161

[sub_resource type="CapsuleShape3D" id="CapsuleShape3D_wq1ui"]
radius = 0.0273303
height = 0.273303

[sub_resource type="CapsuleShape3D" id="CapsuleShape3D_8xo1o"]
radius = 0.0208888
height = 0.208888

[sub_resource type="CapsuleShape3D" id="CapsuleShape3D_hd38g"]
radius = 0.00491702
height = 0.0491702

[sub_resource type="CapsuleShape3D" id="CapsuleShape3D_x0tio"]
radius = 0.0140161
height = 0.140161

[sub_resource type="CapsuleShape3D" id="CapsuleShape3D_w2pao"]
radius = 0.0273183
height = 0.273183

[sub_resource type="CapsuleShape3D" id="CapsuleShape3D_eik48"]
radius = 0.0208898
height = 0.208898

[sub_resource type="CapsuleShape3D" id="CapsuleShape3D_nnfo8"]
radius = 0.00508167
height = 0.0508167

[sub_resource type="CapsuleShape3D" id="CapsuleShape3D_men70"]
radius = 0.0410574
height = 0.410574

[sub_resource type="CapsuleShape3D" id="CapsuleShape3D_au3at"]
radius = 0.042037
height = 0.42037

[sub_resource type="CapsuleShape3D" id="CapsuleShape3D_wc11i"]
radius = 0.0186813
height = 0.186813

[sub_resource type="CapsuleShape3D" id="CapsuleShape3D_gldu6"]
radius = 0.00707822
height = 0.0707822

[sub_resource type="CapsuleShape3D" id="CapsuleShape3D_o2tku"]
radius = 0.0410543
height = 0.410543

[sub_resource type="CapsuleShape3D" id="CapsuleShape3D_ih6uv"]
radius = 0.0419747
height = 0.419747

[sub_resource type="CapsuleShape3D" id="CapsuleShape3D_bxyuc"]
radius = 0.0182104
height = 0.182104

[sub_resource type="CapsuleShape3D" id="CapsuleShape3D_c423f"]
radius = 0.00713197
height = 0.0713197

[sub_resource type="StandardMaterial3D" id="StandardMaterial3D_4n60b"]
transparency = 1
albedo_color = Color(1, 0, 0, 0.113725)

[sub_resource type="BoxMesh" id="BoxMesh_r2sqw"]

[sub_resource type="BoxShape3D" id="BoxShape3D_hjwg7"]

[sub_resource type="CapsuleShape3D" id="CapsuleShape3D_1eoi7"]
radius = 0.25
height = 1.76

[sub_resource type="BoxShape3D" id="BoxShape3D_26xuq"]
size = Vector3(2.347, 1.54, 6.064)

[sub_resource type="AnimationNodeAnimation" id="AnimationNodeAnimation_awfq6"]
animation = &"Idle"

[sub_resource type="AnimationNodeAnimation" id="AnimationNodeAnimation_at11m"]
animation = &"Kick"

[sub_resource type="AnimationNodeAnimation" id="AnimationNodeAnimation_jxy5d"]
animation = &"Running"

[sub_resource type="AnimationNodeAnimation" id="AnimationNodeAnimation_n65it"]
animation = &"Walking"

[sub_resource type="AnimationNodeStateMachineTransition" id="AnimationNodeStateMachineTransition_8i437"]
advance_mode = 2

[sub_resource type="AnimationNodeStateMachineTransition" id="AnimationNodeStateMachineTransition_15hsw"]
xfade_time = 0.2
priority = 0
advance_mode = 2
advance_condition = &"kick"

[sub_resource type="AnimationNodeStateMachineTransition" id="AnimationNodeStateMachineTransition_5ddsr"]
xfade_time = 0.5
switch_mode = 2
advance_mode = 2
advance_condition = &"idle"

[sub_resource type="AnimationNodeStateMachineTransition" id="AnimationNodeStateMachineTransition_l357m"]
xfade_time = 0.5
switch_mode = 2
advance_mode = 2
advance_condition = &"run"

[sub_resource type="AnimationNodeStateMachineTransition" id="AnimationNodeStateMachineTransition_8lgja"]
xfade_time = 0.2
priority = 0
advance_mode = 2
advance_condition = &"kick"

[sub_resource type="AnimationNodeStateMachineTransition" id="AnimationNodeStateMachineTransition_h4tcl"]
xfade_time = 0.5
advance_mode = 2
advance_condition = &"walk"

[sub_resource type="AnimationNodeStateMachineTransition" id="AnimationNodeStateMachineTransition_fpc3h"]
xfade_time = 0.5
advance_mode = 2
advance_condition = &"idle"

[sub_resource type="AnimationNodeStateMachineTransition" id="AnimationNodeStateMachineTransition_nkyap"]
xfade_time = 0.5
advance_mode = 2
advance_condition = &"run"

[sub_resource type="AnimationNodeStateMachineTransition" id="AnimationNodeStateMachineTransition_mi8rx"]
xfade_time = 0.5
advance_mode = 2
advance_condition = &"idle"

[sub_resource type="AnimationNodeStateMachineTransition" id="AnimationNodeStateMachineTransition_caf7y"]
xfade_time = 0.5
advance_mode = 2
advance_condition = &"run"

[sub_resource type="AnimationNodeStateMachineTransition" id="AnimationNodeStateMachineTransition_ymjiw"]
xfade_time = 0.5
advance_mode = 2
advance_condition = &"walk"

[sub_resource type="AnimationNodeStateMachineTransition" id="AnimationNodeStateMachineTransition_tsdvo"]
xfade_time = 0.2
priority = 0
advance_mode = 2
advance_condition = &"kick"

[sub_resource type="AnimationNodeStateMachineTransition" id="AnimationNodeStateMachineTransition_g2oew"]
xfade_time = 0.5
switch_mode = 2
advance_mode = 2
advance_condition = &"walk"

[sub_resource type="AnimationNodeStateMachine" id="AnimationNodeStateMachine_2kua6"]
states/Idle/node = SubResource("AnimationNodeAnimation_awfq6")
states/Idle/position = Vector2(332, -42)
states/Kick/node = SubResource("AnimationNodeAnimation_at11m")
states/Kick/position = Vector2(395.5, 256.5)
states/Running/node = SubResource("AnimationNodeAnimation_jxy5d")
states/Running/position = Vector2(742, 56)
states/Start/position = Vector2(102, 93.25)
states/Walking/node = SubResource("AnimationNodeAnimation_n65it")
states/Walking/position = Vector2(462, 116)
transitions = ["Start", "Idle", SubResource("AnimationNodeStateMachineTransition_8i437"), "Idle", "Kick", SubResource("AnimationNodeStateMachineTransition_15hsw"), "Kick", "Idle", SubResource("AnimationNodeStateMachineTransition_5ddsr"), "Kick", "Running", SubResource("AnimationNodeStateMachineTransition_l357m"), "Running", "Kick", SubResource("AnimationNodeStateMachineTransition_8lgja"), "Idle", "Walking", SubResource("AnimationNodeStateMachineTransition_h4tcl"), "Walking", "Idle", SubResource("AnimationNodeStateMachineTransition_fpc3h"), "Idle", "Running", SubResource("AnimationNodeStateMachineTransition_nkyap"), "Running", "Idle", SubResource("AnimationNodeStateMachineTransition_mi8rx"), "Walking", "Running", SubResource("AnimationNodeStateMachineTransition_caf7y"), "Running", "Walking", SubResource("AnimationNodeStateMachineTransition_ymjiw"), "Walking", "Kick", SubResource("AnimationNodeStateMachineTransition_tsdvo"), "Kick", "Walking", SubResource("AnimationNodeStateMachineTransition_g2oew")]
graph_offset = Vector2(-130, -14)

[node name="Man" type="CharacterBody3D"]
collision_layer = 2
script = ExtResource("1_oi3tw")

[node name="man" parent="." instance=ExtResource("2_hf81u")]

[node name="Skeleton3D" parent="man" index="0"]
bones/1/position = Vector3(-0.0156456, 0.0200222, -0.927233)
bones/1/rotation = Quaternion(-0.581788, 0.0493813, 0.0310775, 0.811245)
bones/2/rotation = Quaternion(-0.00368239, 0.086781, -0.0685978, 0.993856)
bones/3/rotation = Quaternion(0.0312015, 0.0295215, -0.0136015, 0.998985)
bones/4/rotation = Quaternion(0.0311729, 0.0300113, -0.0124389, 0.998986)
bones/5/rotation = Quaternion(0.0673887, -0.0243371, -0.00312261, 0.997425)
bones/6/rotation = Quaternion(0.0104728, -0.0246223, -0.00136939, 0.999641)
bones/8/rotation = Quaternion(-0.657677, -0.349065, 0.5043, -0.437375)
bones/8/scale = Vector3(1, 1, 1)
bones/9/rotation = Quaternion(0.326216, 0.298741, -0.239524, 0.864272)
bones/9/scale = Vector3(1, 1, 1)
bones/10/rotation = Quaternion(0.0137146, 0.0211744, 0.519483, 0.854108)
bones/11/rotation = Quaternion(-0.0130084, -0.295175, 0.0568271, 0.953663)
bones/11/scale = Vector3(1, 1, 1)
bones/12/rotation = Quaternion(0.0760237, 0.0311061, 0.255642, 0.963276)
bones/12/scale = Vector3(1, 1, 1)
bones/13/rotation = Quaternion(0.0747508, 0.0410666, -0.223566, 0.97095)
bones/14/rotation = Quaternion(-0.264812, -0.0651784, -0.106289, 0.956206)
bones/16/rotation = Quaternion(0.674882, 0.0180966, -0.0233436, 0.737335)
bones/17/rotation = Quaternion(0.554503, 0.00683157, -0.058916, 0.830066)
bones/18/rotation = Quaternion(0.370352, -0.00249131, -0.0491235, 0.927588)
bones/18/scale = Vector3(1, 1, 1)
bones/20/rotation = Quaternion(0.686247, -0.0331397, -0.0858023, 0.721529)
bones/20/scale = Vector3(1, 1, 1)
bones/21/rotation = Quaternion(0.560604, 0.00632236, -0.0593974, 0.825927)
bones/22/rotation = Quaternion(0.389971, -0.000635174, -0.0494183, 0.9195)
bones/22/scale = Vector3(1, 1, 1)
bones/24/rotation = Quaternion(0.728168, -0.0383424, -0.112052, 0.675089)
bones/24/scale = Vector3(1, 1, 1)
bones/25/rotation = Quaternion(0.52096, 0.00298385, -0.0660718, 0.851015)
bones/25/scale = Vector3(1, 1, 1)
bones/26/rotation = Quaternion(0.312529, -0.00719646, -0.0524609, 0.948431)
bones/26/scale = Vector3(1, 1, 1)
bones/28/rotation = Quaternion(0.788355, -0.0688571, -0.212378, 0.573281)
bones/29/rotation = Quaternion(0.578375, 0.00740818, -0.0624877, 0.813341)
bones/30/rotation = Quaternion(0.395514, 0.000368158, -0.0512009, 0.917032)
bones/32/rotation = Quaternion(0.625797, -0.384708, 0.460662, 0.498165)
bones/33/rotation = Quaternion(0.403903, 0.112307, -0.123683, 0.899418)
bones/33/scale = Vector3(1, 1, 1)
bones/34/rotation = Quaternion(0.0741559, -0.0404225, -0.872277, 0.481664)
bones/35/rotation = Quaternion(-0.120104, 0.0761617, -0.366538, 0.91947)
bones/35/scale = Vector3(1, 1, 1)
bones/36/rotation = Quaternion(0.0649806, -0.0368388, -0.294006, 0.95288)
bones/37/rotation = Quaternion(0.044285, -0.0347334, 0.241387, 0.968796)
bones/38/rotation = Quaternion(-0.144805, 0.0410438, 0.0970422, 0.983834)
bones/40/rotation = Quaternion(0.678156, -0.00973842, 0.0324766, 0.734135)
bones/40/scale = Vector3(1, 1, 1)
bones/41/rotation = Quaternion(0.543237, -0.00323771, 0.0501506, 0.838074)
bones/41/scale = Vector3(1, 1, 1)
bones/42/rotation = Quaternion(0.455935, -0.00512224, 0.0417525, 0.889018)
bones/44/rotation = Quaternion(0.67332, 0.0383037, 0.0759329, 0.734443)
bones/45/rotation = Quaternion(0.575874, -0.00702741, 0.0498113, 0.815989)
bones/46/rotation = Quaternion(0.382475, 0.000802187, 0.0415482, 0.923031)
bones/47/rotation = Quaternion(3.14321e-09, -6.98492e-10, 4.1359e-25, 1)
bones/48/rotation = Quaternion(0.738696, 0.0213817, 0.124351, 0.662124)
bones/48/scale = Vector3(1, 1, 1)
bones/49/rotation = Quaternion(0.538925, -0.00343925, 0.0555587, 0.840512)
bones/50/rotation = Quaternion(0.371562, 0.00185662, 0.0444024, 0.927344)
bones/50/scale = Vector3(1, 1, 1)
bones/52/rotation = Quaternion(0.755841, 0.0522654, 0.213772, 0.616663)
bones/53/rotation = Quaternion(0.566335, -0.00651809, 0.0559698, 0.822247)
bones/54/rotation = Quaternion(0.335396, 0.00487853, 0.0455363, 0.940964)
bones/56/rotation = Quaternion(-0.0059827, 0.52555, 0.848337, 0.0639118)
bones/56/scale = Vector3(1.00001, 1, 1.00001)
bones/57/rotation = Quaternion(-0.307867, -0.0842352, 0.0126697, 0.947609)
bones/58/rotation = Quaternion(0.428807, -0.0236436, -0.00596031, 0.903067)
bones/59/rotation = Quaternion(0.287738, -0.0441068, 0.0146027, 0.956582)
bones/61/rotation = Quaternion(-0.105327, -0.12248, 0.986386, 0.0307961)
bones/61/scale = Vector3(1.00001, 1, 1.00001)
bones/62/rotation = Quaternion(-0.285002, 0.0276655, -0.000960027, 0.958127)
bones/63/rotation = Quaternion(0.158204, 0.013483, 0.0224321, 0.98706)
bones/64/rotation = Quaternion(0.30722, 0.040825, -0.0135576, 0.950666)
bones/64/scale = Vector3(1, 1, 1)

[node name="PhysicalBoneSimulator3D" type="PhysicalBoneSimulator3D" parent="man/Skeleton3D" index="9"]

[node name="Physical Bone Armature" type="PhysicalBone3D" parent="man/Skeleton3D/PhysicalBoneSimulator3D"]
transform = Transform3D(1, 0, 0, 0, -0.0257093, -0.999669, 0, 0.999669, -0.0257093, 0, 0.497847, 0.0128035)
collision_layer = 4
collision_mask = 5
joint_offset = Transform3D(1, 0, 0, 0, 1, 0, 0, 0, 1, 0, 3.53903e-08, 0.498012)
body_offset = Transform3D(1, 0, 0, 0, 0.999669, -0.0257093, 0, 0.0257093, 0.999669, 0, 0.0128035, -0.497847)
bone_name = "Armature"

[node name="CollisionShape3D" type="CollisionShape3D" parent="man/Skeleton3D/PhysicalBoneSimulator3D/Physical Bone Armature"]
transform = Transform3D(1, 0, 0, 0, 0, 1, 0, -1, 0, 0, 0, 0)
shape = SubResource("CapsuleShape3D_w1mi0")

[node name="Physical Bone mixamorig7_Hips" type="PhysicalBone3D" parent="man/Skeleton3D/PhysicalBoneSimulator3D"]
transform = Transform3D(0.996939, -0.0567217, 0.0538086, 0.0449964, -0.146571, -0.988176, 0.0639378, 0.987573, -0.14357, -0.0230392, 0.976839, 0.0112009)
collision_layer = 4
collision_mask = 5
joint_type = 1
joint_offset = Transform3D(1, 0, 0, 0, 1, 0, 0, 0, 1, 0.00570286, 0.0155631, 0.0481508)
body_offset = Transform3D(0.994934, -0.0803276, -0.0604544, -0.0446843, 0.185337, -0.981658, 0.0900587, 0.979386, 0.180809, -0.00151289, 0.044638, -0.024462)
bone_name = "mixamorig7_Hips"
joint_constraints/bias = 0.3
joint_constraints/damping = 1.0
joint_constraints/impulse_clamp = 0.0

[node name="CollisionShape3D" type="CollisionShape3D" parent="man/Skeleton3D/PhysicalBoneSimulator3D/Physical Bone mixamorig7_Hips"]
transform = Transform3D(1, 0, 0, 0, 0, 1, 0, -1, 0, 0, 0, 0)
shape = SubResource("CapsuleShape3D_nhv7j")

[node name="Physical Bone mixamorig7_Spine" type="PhysicalBone3D" parent="man/Skeleton3D/PhysicalBoneSimulator3D"]
transform = Transform3D(0.986884, 0.159019, -0.0278101, 0.0178633, -0.278785, -0.960187, -0.160441, 0.947097, -0.277969, -0.0285179, 1.08162, 0.0346352)
collision_layer = 4
collision_mask = 5
joint_type = 1
joint_offset = Transform3D(1, 0, 0, 0, 1, 0, 0, 0, 1, -0.000128657, 0.0226241, 0.0555459)
body_offset = Transform3D(0.998293, -0.0581523, -0.00543729, -0.00419386, 0.0214829, -0.99976, 0.0582551, 0.998077, 0.0212023, 0.0017461, 0.055046, -0.0237508)
bone_name = "mixamorig7_Spine"
joint_constraints/bias = 0.3
joint_constraints/damping = 1.0
joint_constraints/impulse_clamp = 0.0

[node name="CollisionShape3D" type="CollisionShape3D" parent="man/Skeleton3D/PhysicalBoneSimulator3D/Physical Bone mixamorig7_Spine"]
transform = Transform3D(1, 0, 0, 0, 0, 1, 0, -1, 0, 0, 0, 0)
shape = SubResource("CapsuleShape3D_skwjo")

[node name="Physical Bone mixamorig7_Spine1" type="PhysicalBone3D" parent="man/Skeleton3D/PhysicalBoneSimulator3D"]
transform = Transform3D(0.974953, 0.218095, -0.0436041, 0.0371379, -0.352937, -0.93491, -0.219288, 0.909874, -0.352196, -0.0255627, 1.19853, 0.0740107)
collision_layer = 4
collision_mask = 5
joint_type = 1
joint_offset = Transform3D(1, 0, 0, 0, 1, 0, 0, 0, 1, -0.000666967, 0.0250374, 0.0632192)
body_offset = Transform3D(0.998249, -0.0536922, 0.0248168, 0.0250095, 0.00292087, -0.999683, 0.0536027, 0.998554, 0.00425857, 0.000441216, 0.0631427, -0.0252347)
bone_name = "mixamorig7_Spine1"
joint_constraints/bias = 0.3
joint_constraints/damping = 1.0
joint_constraints/impulse_clamp = 0.0

[node name="CollisionShape3D" type="CollisionShape3D" parent="man/Skeleton3D/PhysicalBoneSimulator3D/Physical Bone mixamorig7_Spine1"]
transform = Transform3D(1, 0, 0, 0, 0, 1, 0, -1, 0, 0, 0, 0)
shape = SubResource("CapsuleShape3D_u7i6w")

[node name="Physical Bone mixamorig7_Spine2" type="PhysicalBone3D" parent="man/Skeleton3D/PhysicalBoneSimulator3D"]
transform = Transform3D(0.959776, 0.273684, -0.0626757, 0.0619728, -0.424224, -0.903434, -0.273844, 0.86321, -0.424121, -0.0195113, 1.32693, 0.129007)
collision_layer = 4
collision_mask = 5
joint_type = 1
joint_offset = Transform3D(1, 0, 0, 0, 1, 0, 0, 0, 1, 0.00253193, 0.0253943, 0.0710226)
body_offset = Transform3D(0.99731, -0.048567, 0.0549099, 0.0542708, -0.0143826, -0.998423, 0.0492801, 0.998716, -0.0117082, -0.00519164, 0.0711384, -0.0246549)
bone_name = "mixamorig7_Spine2"
joint_constraints/bias = 0.3
joint_constraints/damping = 1.0
joint_constraints/impulse_clamp = 0.0

[node name="CollisionShape3D" type="CollisionShape3D" parent="man/Skeleton3D/PhysicalBoneSimulator3D/Physical Bone mixamorig7_Spine2"]
transform = Transform3D(1, 0, 0, 0, 0, 1, 0, -1, 0, 0, 0, 0)
shape = SubResource("CapsuleShape3D_06ry7")

[node name="Physical Bone mixamorig7_Neck" type="PhysicalBone3D" parent="man/Skeleton3D/PhysicalBoneSimulator3D"]
transform = Transform3D(-0.973331, -0.163457, -0.160964, -0.0385925, 0.808322, -0.587475, 0.226137, -0.565595, -0.793072, -0.00812003, 1.41501, 0.188137)
collision_layer = 4
collision_mask = 5
joint_type = 1
joint_offset = Transform3D(1, 0, 0, 0, 1, 0, 0, 0, 1, -0.0106176, -0.0197239, 0.0236962)
body_offset = Transform3D(-0.99645, 0.0176461, 0.0823166, -0.0697935, 0.373627, -0.92495, -0.0470774, -0.927411, -0.371069, -0.0121825, 0.0285462, -0.0099991)
bone_name = "mixamorig7_Neck"
joint_constraints/bias = 0.3
joint_constraints/damping = 1.0
joint_constraints/impulse_clamp = 0.0

[node name="CollisionShape3D" type="CollisionShape3D" parent="man/Skeleton3D/PhysicalBoneSimulator3D/Physical Bone mixamorig7_Neck"]
transform = Transform3D(1, 0, 0, 0, 0, 1, 0, -1, 0, 0, 0, 0)
shape = SubResource("CapsuleShape3D_10ckf")

[node name="Physical Bone mixamorig7_Head" type="PhysicalBone3D" parent="man/Skeleton3D/PhysicalBoneSimulator3D"]
transform = Transform3D(-0.984272, -0.0992367, -0.146157, -0.0138872, 0.868223, -0.49598, 0.176116, -0.486149, -0.855945, 0.0156203, 1.4958, 0.317448)
collision_layer = 4
collision_mask = 5
joint_type = 1
joint_offset = Transform3D(1, 0, 0, 0, 1, 0, 0, 0, 1, -0.016554, -0.0110361, 0.105858)
body_offset = Transform3D(-0.995375, 0.0104463, 0.095496, -0.0802372, 0.456231, -0.886237, -0.0528261, -0.8898, -0.453283, -0.0264711, 0.0975217, 0.0372891)
bone_name = "mixamorig7_Head"
joint_constraints/bias = 0.3
joint_constraints/damping = 1.0
joint_constraints/impulse_clamp = 0.0

[node name="CollisionShape3D" type="CollisionShape3D" parent="man/Skeleton3D/PhysicalBoneSimulator3D/Physical Bone mixamorig7_Head"]
transform = Transform3D(1, 0, 0, 0, 0, 1, 0, -1, 0, 0, 0, 0)
shape = SubResource("CapsuleShape3D_adbse")

[node name="Physical Bone mixamorig7_LeftShoulder" type="PhysicalBone3D" parent="man/Skeleton3D/PhysicalBoneSimulator3D"]
transform = Transform3D(0.239001, -0.608723, -0.756528, 0.387732, -0.654473, 0.649098, -0.890249, -0.448465, 0.0796011, 0.106193, 1.33862, 0.124705)
collision_layer = 4
collision_mask = 5
joint_type = 1
joint_offset = Transform3D(1, 0, 0, 0, 1, 0, 0, 0, 1, -0.0174847, -0.00535171, 0.0571756)
body_offset = Transform3D(0.949602, 0.175661, 0.259616, 0.286823, -0.152818, -0.945717, -0.126451, 0.972517, -0.1955, 0.00269991, 0.0582691, 0.0141715)
bone_name = "mixamorig7_LeftShoulder"
joint_constraints/bias = 0.3
joint_constraints/damping = 1.0
joint_constraints/impulse_clamp = 0.0

[node name="CollisionShape3D" type="CollisionShape3D" parent="man/Skeleton3D/PhysicalBoneSimulator3D/Physical Bone mixamorig7_LeftShoulder"]
transform = Transform3D(1, 0, 0, 0, 0, 1, 0, -1, 0, 0, 0, 0)
shape = SubResource("CapsuleShape3D_6ykku")

[node name="Physical Bone mixamorig7_LeftArm" type="PhysicalBone3D" parent="man/Skeleton3D/PhysicalBoneSimulator3D"]
transform = Transform3D(0.403872, -0.343969, 0.847687, 0.535763, 0.840018, 0.0855977, -0.741515, 0.419589, 0.523546, 0.0381346, 1.29671, 0.0545503)
collision_layer = 4
collision_mask = 5
joint_type = 1
joint_offset = Transform3D(1, 0, 0, 0, 1, 0, 0, 0, 1, 0.0281619, -0.0108024, 0.155387)
body_offset = Transform3D(0.790949, 0.610357, -0.0431815, 0.592636, -0.781721, -0.194156, -0.15226, 0.127976, -0.98002, -0.00897145, 0.00503516, 0.157953)
bone_name = "mixamorig7_LeftArm"
joint_constraints/bias = 0.3
joint_constraints/damping = 1.0
joint_constraints/impulse_clamp = 0.0

[node name="CollisionShape3D" type="CollisionShape3D" parent="man/Skeleton3D/PhysicalBoneSimulator3D/Physical Bone mixamorig7_LeftArm"]
transform = Transform3D(1, 0, 0, 0, 0, 1, 0, -1, 0, 0, 0, 0)
shape = SubResource("CapsuleShape3D_wq1ui")

[node name="Physical Bone mixamorig7_LeftForeArm" type="PhysicalBone3D" parent="man/Skeleton3D/PhysicalBoneSimulator3D"]
transform = Transform3D(0.407639, 0.0943662, 0.908254, -0.413488, 0.905904, 0.091458, -0.814161, -0.412834, 0.408301, -0.0915129, 1.4657, -0.213869)
collision_layer = 4
collision_mask = 5
joint_type = 1
joint_offset = Transform3D(1, 0, 0, 0, 1, 0, 0, 0, 1, 0.182382, -0.224574, 0.349268)
body_offset = Transform3D(0.853491, 0.519447, -0.0415848, 0.514873, -0.852896, -0.0864586, -0.0803785, 0.0523806, -0.995388, -0.0244828, -0.255245, 0.37408)
bone_name = "mixamorig7_LeftForeArm"
joint_constraints/bias = 0.3
joint_constraints/damping = 1.0
joint_constraints/impulse_clamp = 0.0

[node name="CollisionShape3D" type="CollisionShape3D" parent="man/Skeleton3D/PhysicalBoneSimulator3D/Physical Bone mixamorig7_LeftForeArm"]
transform = Transform3D(1, 0, 0, 0, 0, 1, 0, -1, 0, 0, 0, 0)
shape = SubResource("CapsuleShape3D_8xo1o")

[node name="Physical Bone mixamorig7_LeftHand" type="PhysicalBone3D" parent="man/Skeleton3D/PhysicalBoneSimulator3D"]
transform = Transform3D(0.254591, -0.778013, 0.574352, -0.8828, -0.429435, -0.190393, 0.394775, -0.458565, -0.79616, -0.220009, 1.3742, 0.120765)
collision_layer = 4
collision_mask = 5
joint_type = 1
joint_offset = Transform3D(1, 0, 0, 0, 1, 0, 0, 0, 1, 0.343835, -0.117102, 0.57605)
body_offset = Transform3D(-0.416895, 0.632359, 0.652932, 0.903177, 0.369055, 0.219249, -0.102323, 0.681118, -0.72499, -0.158728, -0.393625, 0.532573)
bone_name = "mixamorig7_LeftHand"
joint_constraints/bias = 0.3
joint_constraints/damping = 1.0
joint_constraints/impulse_clamp = 0.0

[node name="CollisionShape3D" type="CollisionShape3D" parent="man/Skeleton3D/PhysicalBoneSimulator3D/Physical Bone mixamorig7_LeftHand"]
transform = Transform3D(1, 0, 0, 0, 0, 1, 0, -1, 0, 0, 0, 0)
shape = SubResource("CapsuleShape3D_hd38g")

[node name="Physical Bone mixamorig7_RightShoulder" type="PhysicalBone3D" parent="man/Skeleton3D/PhysicalBoneSimulator3D"]
transform = Transform3D(0.703852, 0.232011, 0.671389, -0.408769, -0.640695, 0.649937, 0.580948, -0.731902, -0.356116, -0.134413, 1.32772, 0.200318)
collision_layer = 4
collision_mask = 5
joint_type = 1
joint_offset = Transform3D(1, 0, 0, 0, 1, 0, 0, 0, 1, 0.0279671, -0.00350424, 0.0768963)
body_offset = Transform3D(0.981796, -0.132452, -0.136142, -0.172312, -0.319511, -0.931784, 0.0799173, 0.93828, -0.336518, -0.0174533, 0.0753502, 0.0269299)
bone_name = "mixamorig7_RightShoulder"
joint_constraints/bias = 0.3
joint_constraints/damping = 1.0
joint_constraints/impulse_clamp = 0.0

[node name="CollisionShape3D" type="CollisionShape3D" parent="man/Skeleton3D/PhysicalBoneSimulator3D/Physical Bone mixamorig7_RightShoulder"]
transform = Transform3D(1, 0, 0, 0, 0, 1, 0, -1, 0, 0, 0, 0)
shape = SubResource("CapsuleShape3D_x0tio")

[node name="Physical Bone mixamorig7_RightArm" type="PhysicalBone3D" parent="man/Skeleton3D/PhysicalBoneSimulator3D"]
transform = Transform3D(0.795617, -0.0875746, -0.599437, 0.472368, 0.709207, 0.523349, 0.379293, -0.69954, 0.605624, -0.0639428, 1.24307, 0.136118)
collision_layer = 4
collision_mask = 5
joint_type = 1
joint_offset = Transform3D(1, 0, 0, 0, 1, 0, 0, 0, 1, -0.00830903, -0.0183781, 0.183577)
body_offset = Transform3D(0.756128, -0.652764, 0.0465823, -0.632683, -0.74735, -0.20293, 0.167279, 0.123969, -0.978085, -0.0142653, 0.0182614, 0.183222)
bone_name = "mixamorig7_RightArm"
joint_constraints/bias = 0.3
joint_constraints/damping = 1.0
joint_constraints/impulse_clamp = 0.0

[node name="CollisionShape3D" type="CollisionShape3D" parent="man/Skeleton3D/PhysicalBoneSimulator3D/Physical Bone mixamorig7_RightArm"]
transform = Transform3D(1, 0, 0, 0, 0, 1, 0, -1, 0, 0, 0, 0)
shape = SubResource("CapsuleShape3D_w2pao")

[node name="Physical Bone mixamorig7_RightForeArm" type="PhysicalBone3D" parent="man/Skeleton3D/PhysicalBoneSimulator3D"]
transform = Transform3D(-0.55608, -0.554929, -0.618731, 0.490481, -0.820103, 0.294719, -0.670972, -0.139589, 0.728225, -0.228232, 0.844396, -0.114445)
collision_layer = 4
collision_mask = 5
joint_type = 1
joint_offset = Transform3D(1, 0, 0, 0, 1, 0, 0, 0, 1, -0.148826, -0.219673, 0.390832)
body_offset = Transform3D(0.820633, -0.571137, -0.0190736, -0.571431, -0.819833, -0.0366233, 0.00527973, 0.0409535, -0.999147, 0.00412285, -0.250826, 0.400281)
bone_name = "mixamorig7_RightForeArm"
joint_constraints/bias = 0.3
joint_constraints/damping = 1.0
joint_constraints/impulse_clamp = 0.0

[node name="CollisionShape3D" type="CollisionShape3D" parent="man/Skeleton3D/PhysicalBoneSimulator3D/Physical Bone mixamorig7_RightForeArm"]
transform = Transform3D(1, 0, 0, 0, 0, 1, 0, -1, 0, 0, 0, 0)
shape = SubResource("CapsuleShape3D_eik48")

[node name="Physical Bone mixamorig7_RightHand" type="PhysicalBone3D" parent="man/Skeleton3D/PhysicalBoneSimulator3D"]
transform = Transform3D(0.298334, 0.954434, 0.00731101, -0.939349, 0.292244, 0.179489, 0.169174, -0.0604153, 0.983733, 0.0494143, 0.810396, -0.200804)
collision_layer = 4
collision_mask = 5
joint_type = 1
joint_offset = Transform3D(1, 0, 0, 0, 1, 0, 0, 0, 1, -0.25847, -0.0799319, 0.649385)
body_offset = Transform3D(-0.661508, -0.494366, -0.563923, -0.739652, 0.554209, 0.381797, 0.123784, 0.669668, -0.732272, 0.155708, -0.394812, 0.561049)
bone_name = "mixamorig7_RightHand"
joint_constraints/bias = 0.3
joint_constraints/damping = 1.0
joint_constraints/impulse_clamp = 0.0

[node name="CollisionShape3D" type="CollisionShape3D" parent="man/Skeleton3D/PhysicalBoneSimulator3D/Physical Bone mixamorig7_RightHand"]
transform = Transform3D(1, 0, 0, 0, 0, 1, 0, -1, 0, 0, 0, 0)
shape = SubResource("CapsuleShape3D_nnfo8")

[node name="Physical Bone mixamorig7_LeftUpLeg" type="PhysicalBone3D" parent="man/Skeleton3D/PhysicalBoneSimulator3D"]
transform = Transform3D(-0.983288, 0.18205, 0.00135461, 0.156619, 0.842092, 0.516093, 0.0928138, 0.507681, -0.856531, 0.0684266, 0.774666, 0.175696)
collision_layer = 4
collision_mask = 5
joint_type = 1
joint_offset = Transform3D(1, 0, 0, 0, 1, 0, 0, 0, 1, -0.00682778, 0.00670205, 0.210841)
body_offset = Transform3D(0.98045, -0.194386, 0.0300798, -0.0190343, -0.245966, -0.969091, 0.195777, 0.94958, -0.244859, 0.00165501, 0.205843, 0.046599)
bone_name = "mixamorig7_LeftUpLeg"
joint_constraints/bias = 0.3
joint_constraints/damping = 1.0
joint_constraints/impulse_clamp = 0.0

[node name="CollisionShape3D" type="CollisionShape3D" parent="man/Skeleton3D/PhysicalBoneSimulator3D/Physical Bone mixamorig7_LeftUpLeg"]
transform = Transform3D(1, 0, 0, 0, 0, 1, 0, -1, 0, 0, 0, 0)
shape = SubResource("CapsuleShape3D_men70")

[node name="Physical Bone mixamorig7_LeftLeg" type="PhysicalBone3D" parent="man/Skeleton3D/PhysicalBoneSimulator3D"]
transform = Transform3D(-0.930327, 0.36638, -0.0160352, 0.0524725, 0.17626, 0.982944, 0.362958, 0.913618, -0.183205, 0.0866733, 0.414157, 0.417515)
collision_layer = 4
collision_mask = 5
joint_type = 1
joint_offset = Transform3D(1, 0, 0, 0, 1, 0, 0, 0, 1, -0.0181393, -0.0951998, 0.20349)
body_offset = Transform3D(0.970636, -0.235305, 0.0496981, 0.0394232, -0.0481713, -0.998056, 0.237248, 0.970724, -0.0374746, -0.0149074, 0.199224, 0.104342)
bone_name = "mixamorig7_LeftLeg"
joint_constraints/bias = 0.3
joint_constraints/damping = 1.0
joint_constraints/impulse_clamp = 0.0

[node name="CollisionShape3D" type="CollisionShape3D" parent="man/Skeleton3D/PhysicalBoneSimulator3D/Physical Bone mixamorig7_LeftLeg"]
transform = Transform3D(1, 0, 0, 0, 0, 1, 0, -1, 0, 0, 0, 0)
shape = SubResource("CapsuleShape3D_au3at")

[node name="Physical Bone mixamorig7_LeftFoot" type="PhysicalBone3D" parent="man/Skeleton3D/PhysicalBoneSimulator3D"]
transform = Transform3D(-0.91624, 0.281711, -0.284856, 0.084603, 0.831041, 0.549739, 0.391595, 0.479593, -0.785267, 0.109874, 0.128742, 0.5349)
collision_layer = 4
collision_mask = 5
joint_type = 1
joint_offset = Transform3D(1, 0, 0, 0, 1, 0, 0, 0, 1, -0.0120403, -0.0615216, 0.190544)
body_offset = Transform3D(0.970955, -0.121538, 0.206031, 0.208826, 0.0105582, -0.977889, 0.116679, 0.99253, 0.0356353, -0.0350446, 0.189495, 0.0556768)
bone_name = "mixamorig7_LeftFoot"
joint_constraints/bias = 0.3
joint_constraints/damping = 1.0
joint_constraints/impulse_clamp = 0.0

[node name="CollisionShape3D" type="CollisionShape3D" parent="man/Skeleton3D/PhysicalBoneSimulator3D/Physical Bone mixamorig7_LeftFoot"]
transform = Transform3D(1, 0, 0, 0, 0, 1, 0, -1, 0, 0, 0, 0)
shape = SubResource("CapsuleShape3D_wc11i")

[node name="Physical Bone mixamorig7_LeftToeBase" type="PhysicalBone3D" parent="man/Skeleton3D/PhysicalBoneSimulator3D"]
transform = Transform3D(-0.885378, 0.109689, -0.451746, 0.162549, 0.98347, -0.0797829, 0.435528, -0.144069, -0.888572, 0.151834, 0.0765129, 0.639761)
collision_layer = 4
collision_mask = 5
joint_type = 1
joint_offset = Transform3D(1, 0, 0, 0, 1, 0, 0, 0, 1, 0.0211874, 0.0183816, 0.152616)
body_offset = Transform3D(0.97092, 0.0336019, 0.236981, 0.238966, -0.0795153, -0.967761, -0.0136719, 0.996265, -0.0852387, -0.0573559, 0.144094, -0.00501448)
bone_name = "mixamorig7_LeftToeBase"
joint_constraints/bias = 0.3
joint_constraints/damping = 1.0
joint_constraints/impulse_clamp = 0.0

[node name="CollisionShape3D" type="CollisionShape3D" parent="man/Skeleton3D/PhysicalBoneSimulator3D/Physical Bone mixamorig7_LeftToeBase"]
transform = Transform3D(1, 0, 0, 0, 0, 1, 0, -1, 0, 0, 0, 0)
shape = SubResource("CapsuleShape3D_gldu6")

[node name="Physical Bone mixamorig7_RightUpLeg" type="PhysicalBone3D" parent="man/Skeleton3D/PhysicalBoneSimulator3D"]
transform = Transform3D(-0.902176, -0.413495, -0.122887, 0.0929399, -0.464508, 0.880678, -0.421238, 0.783105, 0.457498, -0.0747327, 0.697189, -0.112785)
collision_layer = 4
collision_mask = 5
joint_type = 1
joint_offset = Transform3D(1, 0, 0, 0, 1, 0, 0, 0, 1, -0.0114029, 0.0173491, 0.204083)
body_offset = Transform3D(0.959029, 0.272216, 0.0783272, 0.0990619, -0.0632548, -0.993069, -0.265376, 0.960148, -0.0876301, -0.00977233, 0.204896, -0.00179992)
bone_name = "mixamorig7_RightUpLeg"
joint_constraints/bias = 0.3
joint_constraints/damping = 1.0
joint_constraints/impulse_clamp = 0.0

[node name="CollisionShape3D" type="CollisionShape3D" parent="man/Skeleton3D/PhysicalBoneSimulator3D/Physical Bone mixamorig7_RightUpLeg"]
transform = Transform3D(1, 0, 0, 0, 0, 1, 0, -1, 0, 0, 0, 0)
shape = SubResource("CapsuleShape3D_o2tku")

[node name="Physical Bone mixamorig7_RightLeg" type="PhysicalBone3D" parent="man/Skeleton3D/PhysicalBoneSimulator3D"]
transform = Transform3D(-0.816475, -0.529944, -0.22919, 0.432641, -0.824397, 0.364954, -0.382349, 0.198819, 0.902375, -0.00173479, 0.432185, -0.401464)
collision_layer = 4
collision_mask = 5
joint_type = 1
joint_offset = Transform3D(1, 0, 0, 0, 1, 0, 0, 0, 1, 0.0303359, -0.00357367, 0.209178)
body_offset = Transform3D(0.903999, 0.419587, 0.0818767, 0.0552941, 0.0751562, -0.995636, -0.423912, 0.904593, 0.0447355, -0.0430509, 0.206856, 0.00673479)
bone_name = "mixamorig7_RightLeg"
joint_constraints/bias = 0.3
joint_constraints/damping = 1.0
joint_constraints/impulse_clamp = 0.0

[node name="CollisionShape3D" type="CollisionShape3D" parent="man/Skeleton3D/PhysicalBoneSimulator3D/Physical Bone mixamorig7_RightLeg"]
transform = Transform3D(1, 0, 0, 0, 0, 1, 0, -1, 0, 0, 0, 0)
shape = SubResource("CapsuleShape3D_ih6uv")

[node name="Physical Bone mixamorig7_RightFoot" type="PhysicalBone3D" parent="man/Skeleton3D/PhysicalBoneSimulator3D"]
transform = Transform3D(-0.86553, -0.445474, 0.228933, 0.494824, -0.689824, 0.528481, -0.077501, 0.570698, 0.817495, 0.0234572, 0.309613, -0.658461)
collision_layer = 4
collision_mask = 5
joint_type = 1
joint_offset = Transform3D(1, 0, 0, 0, 1, 0, 0, 0, 1, 0.0499124, 0.014572, 0.0602755)
body_offset = Transform3D(0.89277, 0.244046, -0.37865, -0.387302, -0.0134622, -0.92185, -0.230071, 0.969668, 0.0825072, -0.0252932, 0.0750923, -0.00761975)
bone_name = "mixamorig7_RightFoot"
joint_constraints/bias = 0.3
joint_constraints/damping = 1.0
joint_constraints/impulse_clamp = 0.0

[node name="CollisionShape3D" type="CollisionShape3D" parent="man/Skeleton3D/PhysicalBoneSimulator3D/Physical Bone mixamorig7_RightFoot"]
transform = Transform3D(1, 0, 0, 0, 0, 1, 0, -1, 0, 0, 0, 0)
shape = SubResource("CapsuleShape3D_bxyuc")

[node name="Physical Bone mixamorig7_RightToeBase" type="PhysicalBone3D" parent="man/Skeleton3D/PhysicalBoneSimulator3D"]
transform = Transform3D(-0.820553, -0.233293, 0.521792, 0.555145, -0.108013, 0.82471, -0.136039, 0.966389, 0.218142, -0.016091, 0.232004, -0.740405)
collision_layer = 4
collision_mask = 5
joint_type = 1
joint_offset = Transform3D(1, 0, 0, 0, 1, 0, 0, 0, 1, -0.0215796, -0.00420399, 0.0166221)
body_offset = Transform3D(0.892366, -0.0771701, -0.444636, -0.450746, -0.104225, -0.886541, 0.0220689, 0.991554, -0.127795, 0.0263233, 0.0045711, 0.00676895)
bone_name = "mixamorig7_RightToeBase"
joint_constraints/bias = 0.3
joint_constraints/damping = 1.0
joint_constraints/impulse_clamp = 0.0

[node name="CollisionShape3D" type="CollisionShape3D" parent="man/Skeleton3D/PhysicalBoneSimulator3D/Physical Bone mixamorig7_RightToeBase"]
transform = Transform3D(1, 0, 0, 0, 0, 1, 0, -1, 0, 0, 0, 0)
shape = SubResource("CapsuleShape3D_c423f")

[node name="MeshInstance3D" type="MeshInstance3D" parent="man"]
transform = Transform3D(1, 0, 0, 0, 1, 0, 0, 0, 1, 0, 0.498405, 0.803459)
material_override = SubResource("StandardMaterial3D_4n60b")
mesh = SubResource("BoxMesh_r2sqw")
skeleton = NodePath("../..")

[node name="Kill" type="Area3D" parent="man"]
transform = Transform3D(1, 0, 0, 0, 1, 0, 0, 0, 1, 0, 0.479671, 0.78516)
collision_layer = 0
collision_mask = 2

[node name="CollisionShape3D" type="CollisionShape3D" parent="man/Kill"]
shape = SubResource("BoxShape3D_hjwg7")
disabled = true

[node name="CollisionShape3D" type="CollisionShape3D" parent="."]
transform = Transform3D(1, 0, 0, 0, 1, -0.00020944, 0, 0.00020944, 1, 0, 0.890821, 0)
shape = SubResource("CapsuleShape3D_1eoi7")

[node name="Aggro" type="Area3D" parent="."]
collision_layer = 0
collision_mask = 2

[node name="CollisionShape3D" type="CollisionShape3D" parent="Aggro"]
transform = Transform3D(1, 0, 0, 0, 1, 0, 0, 0, 1, 0, 1.169, 3.23064)
shape = SubResource("BoxShape3D_26xuq")

[node name="AnimationTree" type="AnimationTree" parent="."]
root_node = NodePath("../man")
tree_root = SubResource("AnimationNodeStateMachine_2kua6")
anim_player = NodePath("../man/AnimationPlayer")
parameters/conditions/idle = false
parameters/conditions/kick = false
parameters/conditions/run = true
parameters/conditions/walk = false

[connection signal="body_entered" from="man/Kill" to="." method="_on_kill_body_entered"]
[connection signal="body_entered" from="Aggro" to="." method="_on_area_3d_body_entered"]

[editable path="man"]
