[gd_scene load_steps=46 format=3 uid="uid://duf4oy5m5lkvx"]

[ext_resource type="Script" path="res://man.gd" id="1_oi3tw"]
[ext_resource type="PackedScene" uid="uid://btgpmaa5beg26" path="res://man.glb" id="2_hf81u"]

[sub_resource type="CapsuleShape3D" id="CapsuleShape3D_w1mi0"]
radius = 0.0996024
height = 0.996024

[sub_resource type="CapsuleShape3D" id="CapsuleShape3D_nhv7j"]
radius = 0.00975774
height = 0.0975774

[sub_resource type="CapsuleShape3D" id="CapsuleShape3D_skwjo"]
radius = 0.011384
height = 0.11384

[sub_resource type="CapsuleShape3D" id="CapsuleShape3D_u7i6w"]
radius = 0.0130103
height = 0.130103

[sub_resource type="CapsuleShape3D" id="CapsuleShape3D_06ry7"]
radius = 0.0146366
height = 0.146366

[sub_resource type="CapsuleShape3D" id="CapsuleShape3D_10ckf"]
radius = 0.00722172
height = 0.0722172

[sub_resource type="CapsuleShape3D" id="CapsuleShape3D_adbse"]
radius = 0.0237001
height = 0.237001

[sub_resource type="CapsuleShape3D" id="CapsuleShape3D_6ykku"]
radius = 0.0140161
height = 0.140161

[sub_resource type="CapsuleShape3D" id="CapsuleShape3D_wq1ui"]
radius = 0.0273303
height = 0.273303

[sub_resource type="CapsuleShape3D" id="CapsuleShape3D_8xo1o"]
radius = 0.0208888
height = 0.208888

[sub_resource type="CapsuleShape3D" id="CapsuleShape3D_hd38g"]
radius = 0.00491702
height = 0.0491702

[sub_resource type="CapsuleShape3D" id="CapsuleShape3D_x0tio"]
radius = 0.0140161
height = 0.140161

[sub_resource type="CapsuleShape3D" id="CapsuleShape3D_w2pao"]
radius = 0.0273183
height = 0.273183

[sub_resource type="CapsuleShape3D" id="CapsuleShape3D_eik48"]
radius = 0.0208898
height = 0.208898

[sub_resource type="CapsuleShape3D" id="CapsuleShape3D_nnfo8"]
radius = 0.00508167
height = 0.0508167

[sub_resource type="CapsuleShape3D" id="CapsuleShape3D_men70"]
radius = 0.0410574
height = 0.410574

[sub_resource type="CapsuleShape3D" id="CapsuleShape3D_au3at"]
radius = 0.042037
height = 0.42037

[sub_resource type="CapsuleShape3D" id="CapsuleShape3D_wc11i"]
radius = 0.0186813
height = 0.186813

[sub_resource type="CapsuleShape3D" id="CapsuleShape3D_gldu6"]
radius = 0.00707822
height = 0.0707822

[sub_resource type="CapsuleShape3D" id="CapsuleShape3D_o2tku"]
radius = 0.0410543
height = 0.410543

[sub_resource type="CapsuleShape3D" id="CapsuleShape3D_ih6uv"]
radius = 0.0419747
height = 0.419747

[sub_resource type="CapsuleShape3D" id="CapsuleShape3D_bxyuc"]
radius = 0.0182104
height = 0.182104

[sub_resource type="CapsuleShape3D" id="CapsuleShape3D_c423f"]
radius = 0.00713197
height = 0.0713197

[sub_resource type="CapsuleShape3D" id="CapsuleShape3D_1eoi7"]
radius = 0.25
height = 1.76

[sub_resource type="BoxShape3D" id="BoxShape3D_26xuq"]
size = Vector3(2.347, 1.54, 6.064)

[sub_resource type="AnimationNodeAnimation" id="AnimationNodeAnimation_awfq6"]
animation = &"Idle"

[sub_resource type="AnimationNodeAnimation" id="AnimationNodeAnimation_at11m"]
animation = &"Kick"

[sub_resource type="AnimationNodeAnimation" id="AnimationNodeAnimation_jxy5d"]
animation = &"Running"

[sub_resource type="AnimationNodeAnimation" id="AnimationNodeAnimation_n65it"]
animation = &"Walking"

[sub_resource type="AnimationNodeStateMachineTransition" id="AnimationNodeStateMachineTransition_8i437"]
advance_mode = 2

[sub_resource type="AnimationNodeStateMachineTransition" id="AnimationNodeStateMachineTransition_15hsw"]
xfade_time = 0.2
advance_mode = 2
advance_condition = &"kick"

[sub_resource type="AnimationNodeStateMachineTransition" id="AnimationNodeStateMachineTransition_5ddsr"]
xfade_time = 0.5
switch_mode = 2
advance_mode = 2
advance_condition = &"idle"

[sub_resource type="AnimationNodeStateMachineTransition" id="AnimationNodeStateMachineTransition_l357m"]
xfade_time = 0.5
switch_mode = 2
advance_mode = 2
advance_condition = &"run"

[sub_resource type="AnimationNodeStateMachineTransition" id="AnimationNodeStateMachineTransition_8lgja"]
xfade_time = 0.2
advance_mode = 2
advance_condition = &"kick"

[sub_resource type="AnimationNodeStateMachineTransition" id="AnimationNodeStateMachineTransition_h4tcl"]
xfade_time = 0.5
advance_mode = 2
advance_condition = &"walk"

[sub_resource type="AnimationNodeStateMachineTransition" id="AnimationNodeStateMachineTransition_fpc3h"]
xfade_time = 0.5
advance_mode = 2
advance_condition = &"idle"

[sub_resource type="AnimationNodeStateMachineTransition" id="AnimationNodeStateMachineTransition_nkyap"]
xfade_time = 0.5
advance_mode = 2
advance_condition = &"run"

[sub_resource type="AnimationNodeStateMachineTransition" id="AnimationNodeStateMachineTransition_mi8rx"]
xfade_time = 0.5
advance_mode = 2
advance_condition = &"idle"

[sub_resource type="AnimationNodeStateMachineTransition" id="AnimationNodeStateMachineTransition_caf7y"]
xfade_time = 0.5
advance_mode = 2
advance_condition = &"run"

[sub_resource type="AnimationNodeStateMachineTransition" id="AnimationNodeStateMachineTransition_ymjiw"]
xfade_time = 0.5
advance_mode = 2
advance_condition = &"walk"

[sub_resource type="AnimationNodeStateMachineTransition" id="AnimationNodeStateMachineTransition_tsdvo"]
xfade_time = 0.2
advance_mode = 2
advance_condition = &"kick"

[sub_resource type="AnimationNodeStateMachineTransition" id="AnimationNodeStateMachineTransition_g2oew"]
xfade_time = 0.5
switch_mode = 2
advance_mode = 2
advance_condition = &"walk"

[sub_resource type="AnimationNodeStateMachine" id="AnimationNodeStateMachine_2kua6"]
states/Idle/node = SubResource("AnimationNodeAnimation_awfq6")
states/Idle/position = Vector2(332, -42)
states/Kick/node = SubResource("AnimationNodeAnimation_at11m")
states/Kick/position = Vector2(395.5, 256.5)
states/Running/node = SubResource("AnimationNodeAnimation_jxy5d")
states/Running/position = Vector2(742, 56)
states/Start/position = Vector2(102, 93.25)
states/Walking/node = SubResource("AnimationNodeAnimation_n65it")
states/Walking/position = Vector2(462, 116)
transitions = ["Start", "Idle", SubResource("AnimationNodeStateMachineTransition_8i437"), "Idle", "Kick", SubResource("AnimationNodeStateMachineTransition_15hsw"), "Kick", "Idle", SubResource("AnimationNodeStateMachineTransition_5ddsr"), "Kick", "Running", SubResource("AnimationNodeStateMachineTransition_l357m"), "Running", "Kick", SubResource("AnimationNodeStateMachineTransition_8lgja"), "Idle", "Walking", SubResource("AnimationNodeStateMachineTransition_h4tcl"), "Walking", "Idle", SubResource("AnimationNodeStateMachineTransition_fpc3h"), "Idle", "Running", SubResource("AnimationNodeStateMachineTransition_nkyap"), "Running", "Idle", SubResource("AnimationNodeStateMachineTransition_mi8rx"), "Walking", "Running", SubResource("AnimationNodeStateMachineTransition_caf7y"), "Running", "Walking", SubResource("AnimationNodeStateMachineTransition_ymjiw"), "Walking", "Kick", SubResource("AnimationNodeStateMachineTransition_tsdvo"), "Kick", "Walking", SubResource("AnimationNodeStateMachineTransition_g2oew")]
graph_offset = Vector2(-130, -110)

[node name="Man" type="CharacterBody3D"]
collision_layer = 2
script = ExtResource("1_oi3tw")

[node name="man" parent="." instance=ExtResource("2_hf81u")]

[node name="Skeleton3D" parent="man" index="0"]
bones/1/position = Vector3(-0.00475818, 0.00987545, -0.99237)
bones/1/rotation = Quaternion(-0.730729, -0.0480331, 0.0141893, 0.680828)
bones/2/rotation = Quaternion(-0.0310261, 0.0136095, 0.0251426, 0.99911)
bones/3/rotation = Quaternion(0.00924156, 0.0021477, 0.0146359, 0.999848)
bones/4/rotation = Quaternion(0.00894558, 0.00225418, 0.0146702, 0.99985)
bones/5/rotation = Quaternion(0.102759, -0.00238512, 0.00539237, 0.994689)
bones/6/rotation = Quaternion(0.045879, -0.00229806, 0.00587362, 0.998927)
bones/8/rotation = Quaternion(-0.679015, -0.325671, 0.522172, -0.400267)
bones/8/scale = Vector3(1, 1, 1)
bones/9/rotation = Quaternion(0.482055, 0.142951, 0.0516656, 0.862855)
bones/9/scale = Vector3(1, 1, 1)
bones/10/rotation = Quaternion(0.00151117, -0.00230627, 0.0138451, 0.9999)
bones/11/rotation = Quaternion(0.076454, -0.230015, -0.0221005, 0.969927)
bones/11/scale = Vector3(1, 1, 1)
bones/12/rotation = Quaternion(0.170844, 0.073503, 0.21684, 0.958327)
bones/12/scale = Vector3(1, 1, 1)
bones/13/rotation = Quaternion(-0.0919975, 0.0793281, -0.194355, 0.973381)
bones/14/rotation = Quaternion(-0.130134, -0.0765438, 0.0517949, 0.98718)
bones/16/rotation = Quaternion(0.0554035, 0.00340635, 0.0576365, 0.996793)
bones/17/rotation = Quaternion(0.150709, 3.50869e-05, -0.0229018, 0.988313)
bones/18/rotation = Quaternion(0.0699505, 0.000259912, -0.005332, 0.997536)
bones/18/scale = Vector3(1, 1, 1)
bones/20/rotation = Quaternion(0.125406, 0.00135632, 0.0247434, 0.991796)
bones/20/scale = Vector3(1, 1, 1)
bones/21/rotation = Quaternion(0.150955, -3.32268e-05, -0.0221171, 0.988293)
bones/22/rotation = Quaternion(0.159615, 0.000427585, -0.018053, 0.987014)
bones/22/scale = Vector3(1, 1, 1)
bones/24/rotation = Quaternion(0.172104, -0.0021647, 0.0113376, 0.985011)
bones/24/scale = Vector3(1, 1, 1)
bones/25/rotation = Quaternion(0.180783, 0.000359887, -0.0246715, 0.983213)
bones/25/scale = Vector3(1, 1, 1)
bones/26/rotation = Quaternion(0.154694, -0.000268717, -0.0161464, 0.987831)
bones/26/scale = Vector3(1, 1, 1)
bones/28/rotation = Quaternion(0.222354, 0.00372828, -0.00396105, 0.974951)
bones/29/rotation = Quaternion(0.150881, -4.81473e-05, -0.0232575, 0.988278)
bones/30/rotation = Quaternion(0.14314, 0.000540345, -0.0174755, 0.989548)
bones/32/rotation = Quaternion(0.677623, -0.323786, 0.543223, 0.375364)
bones/33/rotation = Quaternion(0.399788, -0.23671, -0.0804354, 0.881855)
bones/33/scale = Vector3(1, 1, 1)
bones/34/rotation = Quaternion(0.00648025, 0.00216014, -0.0567439, 0.998365)
bones/35/rotation = Quaternion(0.0687422, 0.123644, 0.0448203, 0.988928)
bones/35/scale = Vector3(1, 1, 1)
bones/36/rotation = Quaternion(0.176495, -0.0678829, -0.222741, 0.956362)
bones/37/rotation = Quaternion(-0.0867032, -0.0697361, 0.213279, 0.970635)
bones/38/rotation = Quaternion(-0.16424, 0.0605361, -0.0507825, 0.983251)
bones/40/rotation = Quaternion(0.0512234, -0.00325356, -0.059616, 0.996901)
bones/40/scale = Vector3(1, 1, 1)
bones/41/rotation = Quaternion(0.15101, 0.00028075, 0.01908, 0.988348)
bones/41/scale = Vector3(1, 1, 1)
bones/42/rotation = Quaternion(0.0700874, -8.72978e-05, 0.0104271, 0.997486)
bones/44/rotation = Quaternion(0.121806, -0.00171684, -0.0274423, 0.992173)
bones/45/rotation = Quaternion(0.151272, 2.14607e-05, 0.0202883, 0.988284)
bones/46/rotation = Quaternion(0.159954, -0.000565161, 0.0144794, 0.987018)
bones/47/rotation = Quaternion(3.14321e-09, -6.98492e-10, 4.1359e-25, 1)
bones/48/rotation = Quaternion(0.168699, 0.00120869, -0.0159739, 0.985538)
bones/48/scale = Vector3(1, 1, 1)
bones/49/rotation = Quaternion(0.181239, -5.72389e-05, 0.0218969, 0.983195)
bones/50/rotation = Quaternion(0.155084, -0.000139461, 0.0155329, 0.987779)
bones/50/scale = Vector3(1, 1, 1)
bones/52/rotation = Quaternion(0.219316, -0.00163764, 0.00211276, 0.97565)
bones/53/rotation = Quaternion(0.151118, -0.000110809, 0.0202391, 0.988308)
bones/54/rotation = Quaternion(0.143364, -0.000242505, 0.0122131, 0.989595)
bones/56/rotation = Quaternion(0.132412, 0.0668488, 0.98604, -0.0756475)
bones/56/scale = Vector3(1.00001, 1, 1.00001)
bones/57/rotation = Quaternion(-0.125293, -0.0157932, 0.0324728, 0.991462)
bones/58/rotation = Quaternion(0.50234, -0.0510432, 6.20401e-05, 0.863162)
bones/59/rotation = Quaternion(0.345392, -0.0508274, 0.0152282, 0.936957)
bones/61/rotation = Quaternion(-0.090676, -0.0204569, 0.995417, -0.0224687)
bones/61/scale = Vector3(1.00001, 1, 1.00001)
bones/62/rotation = Quaternion(-0.0815888, 0.085332, -0.0228343, 0.992744)
bones/63/rotation = Quaternion(0.5369, 0.0449961, -0.0393368, 0.841526)
bones/64/rotation = Quaternion(0.369025, 0.0482096, -0.0143634, 0.928057)
bones/64/scale = Vector3(1, 1, 1)

[node name="PhysicalBoneSimulator3D" type="PhysicalBoneSimulator3D" parent="man/Skeleton3D" index="9"]

[node name="Physical Bone Armature" type="PhysicalBone3D" parent="man/Skeleton3D/PhysicalBoneSimulator3D"]
transform = Transform3D(1, 0, 0, 0, -0.0257093, -0.999669, 0, 0.999669, -0.0257093, 0, 0.497847, 0.0128035)
collision_layer = 4
collision_mask = 5
joint_offset = Transform3D(1, 0, 0, 0, 1, 0, 0, 0, 1, 0, -9.31323e-10, 0.498012)
body_offset = Transform3D(1, 0, 0, 0, 0.999669, -0.0257093, 0, 0.0257093, 0.999669, 0, 0.0128035, -0.497847)
bone_name = "Armature"

[node name="CollisionShape3D" type="CollisionShape3D" parent="man/Skeleton3D/PhysicalBoneSimulator3D/Physical Bone Armature"]
transform = Transform3D(1, 0, 0, 0, 0, 1, 0, -1, 0, 0, 0, 0)
shape = SubResource("CapsuleShape3D_w1mi0")

[node name="Physical Bone mixamorig7_Hips" type="PhysicalBone3D" parent="man/Skeleton3D/PhysicalBoneSimulator3D"]
transform = Transform3D(0.99427, -0.0831302, -0.0672006, -0.0509274, 0.184344, -0.981541, 0.0939837, 0.97934, 0.179055, -0.000281824, 1.0394, -0.00254081)
collision_layer = 4
collision_mask = 5
joint_type = 1
joint_offset = Transform3D(1, 0, 0, 0, 1, 0, 0, 0, 1, -2.5439e-09, -1.49012e-08, 0.0487888)
body_offset = Transform3D(1, -7.45058e-09, -2.42144e-08, 9.31323e-10, 0.113728, -0.993512, 0, 0.993512, 0.113728, 3.72529e-09, 0.0484722, -0.00554866)
bone_name = "mixamorig7_Hips"
joint_constraints/bias = 0.3
joint_constraints/damping = 1.0
joint_constraints/impulse_clamp = 0.0

[node name="CollisionShape3D" type="CollisionShape3D" parent="man/Skeleton3D/PhysicalBoneSimulator3D/Physical Bone mixamorig7_Hips"]
transform = Transform3D(1, 0, 0, 0, 0, 1, 0, -1, 0, 0, 0, 0)
shape = SubResource("CapsuleShape3D_nhv7j")

[node name="Physical Bone mixamorig7_Spine" type="PhysicalBone3D" parent="man/Skeleton3D/PhysicalBoneSimulator3D"]
transform = Transform3D(0.998092, -0.0612187, -0.0080525, -0.00108543, 0.112997, -0.993595, 0.0617365, 0.991708, 0.112715, 0.00345514, 1.14384, -0.0176924)
collision_layer = 4
collision_mask = 5
joint_type = 1
joint_offset = Transform3D(1, 0, 0, 0, 1, 0, 0, 0, 1, 4.40201e-10, 1.93743e-09, 0.0569202)
body_offset = Transform3D(1, -7.45058e-09, -9.77889e-09, 4.65661e-10, 1.04308e-07, -1, 3.72529e-09, 1, 9.68575e-08, 1.16415e-10, 0.0569202, -7.45058e-09)
bone_name = "mixamorig7_Spine"
joint_constraints/bias = 0.3
joint_constraints/damping = 1.0
joint_constraints/impulse_clamp = 0.0

[node name="CollisionShape3D" type="CollisionShape3D" parent="man/Skeleton3D/PhysicalBoneSimulator3D/Physical Bone mixamorig7_Spine"]
transform = Transform3D(1, 0, 0, 0, 0, 1, 0, -1, 0, 0, 0, 0)
shape = SubResource("CapsuleShape3D_skwjo")

[node name="Physical Bone mixamorig7_Spine1" type="PhysicalBone3D" parent="man/Skeleton3D/PhysicalBoneSimulator3D"]
transform = Transform3D(0.998129, -0.0565959, 0.0231572, 0.0281557, 0.0891806, -0.995618, 0.0542827, 0.994406, 0.0906072, 0.00240708, 1.26517, -0.0300023)
collision_layer = 4
collision_mask = 5
joint_type = 1
joint_offset = Transform3D(1, 0, 0, 0, 1, 0, 0, 0, 1, 4.5438e-10, 1.44165e-08, 0.0650515)
body_offset = Transform3D(1, 3.72529e-09, -6.98492e-09, 4.65661e-10, 1.49012e-08, -1, 3.72529e-09, 1, 7.45058e-09, 0, 0.0650516, -1.49012e-08)
bone_name = "mixamorig7_Spine1"
joint_constraints/bias = 0.3
joint_constraints/damping = 1.0
joint_constraints/impulse_clamp = 0.0

[node name="CollisionShape3D" type="CollisionShape3D" parent="man/Skeleton3D/PhysicalBoneSimulator3D/Physical Bone mixamorig7_Spine1"]
transform = Transform3D(1, 0, 0, 0, 0, 1, 0, -1, 0, 0, 0, 0)
shape = SubResource("CapsuleShape3D_u7i6w")

[node name="Physical Bone mixamorig7_Spine2" type="PhysicalBone3D" parent="man/Skeleton3D/PhysicalBoneSimulator3D"]
transform = Transform3D(0.997227, -0.0509118, 0.0542811, 0.0575882, 0.0659117, -0.996162, 0.0471386, 0.996526, 0.0686608, -0.0030718, 1.40284, -0.0409213)
collision_layer = 4
collision_mask = 5
joint_type = 1
joint_offset = Transform3D(1, 0, 0, 0, 1, 0, 0, 0, 1, 1.02236e-09, 3.90453e-09, 0.0731831)
body_offset = Transform3D(1, -3.72529e-09, -1.39698e-08, 4.88944e-09, 2.16067e-07, -1, 0, 1, 2.01166e-07, 0, 0.0731831, -1.86265e-08)
bone_name = "mixamorig7_Spine2"
joint_constraints/bias = 0.3
joint_constraints/damping = 1.0
joint_constraints/impulse_clamp = 0.0

[node name="CollisionShape3D" type="CollisionShape3D" parent="man/Skeleton3D/PhysicalBoneSimulator3D/Physical Bone mixamorig7_Spine2"]
transform = Transform3D(1, 0, 0, 0, 0, 1, 0, -1, 0, 0, 0, 0)
shape = SubResource("CapsuleShape3D_06ry7")

[node name="Physical Bone mixamorig7_Neck" type="PhysicalBone3D" parent="man/Skeleton3D/PhysicalBoneSimulator3D"]
transform = Transform3D(-0.996461, 0.0197913, 0.0816908, -0.0660884, 0.416045, -0.906939, -0.0519366, -0.909129, -0.413265, -0.00999401, 1.50849, -0.0310237)
collision_layer = 4
collision_mask = 5
joint_type = 1
joint_offset = Transform3D(1, 0, 0, 0, 1, 0, 0, 0, 1, -7.85413e-09, -9.31323e-09, 0.0361086)
body_offset = Transform3D(-1, 3.72529e-09, -1.11759e-08, 1.25729e-08, 0.274517, -0.961582, 0, -0.961583, -0.274517, -7.45058e-09, 0.0347214, 0.0099124)
bone_name = "mixamorig7_Neck"
joint_constraints/bias = 0.3
joint_constraints/damping = 1.0
joint_constraints/impulse_clamp = 0.0

[node name="CollisionShape3D" type="CollisionShape3D" parent="man/Skeleton3D/PhysicalBoneSimulator3D/Physical Bone mixamorig7_Neck"]
transform = Transform3D(1, 0, 0, 0, 0, 1, 0, -1, 0, 0, 0, 0)
shape = SubResource("CapsuleShape3D_10ckf")

[node name="Physical Bone mixamorig7_Head" type="PhysicalBone3D" parent="man/Skeleton3D/PhysicalBoneSimulator3D"]
transform = Transform3D(-0.995507, 0.0122274, 0.0938904, -0.0747094, 0.507751, -0.858259, -0.0581672, -0.861417, -0.504556, -0.0240698, 1.64294, 0.0436888)
collision_layer = 4
collision_mask = 5
joint_type = 1
joint_offset = Transform3D(1, 0, 0, 0, 1, 0, 0, 0, 1, 5.68479e-09, 3.72529e-09, 0.1185)
body_offset = Transform3D(-1, 1.49012e-08, -1.49012e-08, -5.58794e-09, 0.274516, -0.961583, 0, -0.961583, -0.274516, 7.45058e-09, 0.113948, 0.0325303)
bone_name = "mixamorig7_Head"
joint_constraints/bias = 0.3
joint_constraints/damping = 1.0
joint_constraints/impulse_clamp = 0.0

[node name="CollisionShape3D" type="CollisionShape3D" parent="man/Skeleton3D/PhysicalBoneSimulator3D/Physical Bone mixamorig7_Head"]
transform = Transform3D(1, 0, 0, 0, 0, 1, 0, -1, 0, 0, 0, 0)
shape = SubResource("CapsuleShape3D_adbse")

[node name="Physical Bone mixamorig7_LeftShoulder" type="PhysicalBone3D" parent="man/Skeleton3D/PhysicalBoneSimulator3D"]
transform = Transform3D(0.308931, -0.403773, -0.861121, -0.0291254, -0.909001, 0.415775, -0.950638, -0.103365, -0.292578, 0.120961, 1.43292, -0.0226595)
collision_layer = 4
collision_mask = 5
joint_type = 1
joint_offset = Transform3D(1, 0, 0, 0, 1, 0, 0, 0, 1, -6.77771e-10, 5.90443e-09, 0.0700807)
body_offset = Transform3D(1, 2.23517e-08, 8.9407e-08, 0, 1.78628e-06, -1, 1.49012e-08, 1, 1.61678e-06, -5.58794e-09, 0.0700808, -1.19209e-07)
bone_name = "mixamorig7_LeftShoulder"
joint_constraints/bias = 0.3
joint_constraints/damping = 1.0
joint_constraints/impulse_clamp = 0.0

[node name="CollisionShape3D" type="CollisionShape3D" parent="man/Skeleton3D/PhysicalBoneSimulator3D/Physical Bone mixamorig7_LeftShoulder"]
transform = Transform3D(1, 0, 0, 0, 0, 1, 0, -1, 0, 0, 0, 0)
shape = SubResource("CapsuleShape3D_6ykku")

[node name="Physical Bone mixamorig7_LeftArm" type="PhysicalBone3D" parent="man/Skeleton3D/PhysicalBoneSimulator3D"]
transform = Transform3D(0.573062, -0.807295, -0.14098, 0.0494132, -0.137678, 0.989244, -0.818021, -0.573864, -0.0390069, 0.200574, 1.2686, 0.00317494)
collision_layer = 4
collision_mask = 5
joint_type = 1
joint_offset = Transform3D(1, 0, 0, 0, 1, 0, 0, 0, 1, -1.94827e-08, -3.15621e-08, 0.136651)
body_offset = Transform3D(1, 2.08616e-07, 3.35276e-08, 5.21541e-08, 1.28523e-07, -1, 0, 1, 2.30968e-07, 1.49012e-08, 0.136651, 0)
bone_name = "mixamorig7_LeftArm"
joint_constraints/bias = 0.3
joint_constraints/damping = 1.0
joint_constraints/impulse_clamp = 0.0

[node name="CollisionShape3D" type="CollisionShape3D" parent="man/Skeleton3D/PhysicalBoneSimulator3D/Physical Bone mixamorig7_LeftArm"]
transform = Transform3D(1, 0, 0, 0, 0, 1, 0, -1, 0, 0, 0, 0)
shape = SubResource("CapsuleShape3D_wq1ui")

[node name="Physical Bone mixamorig7_LeftForeArm" type="PhysicalBone3D" parent="man/Skeleton3D/PhysicalBoneSimulator3D"]
transform = Transform3D(0.572849, -0.810322, -0.123383, 0.0224398, -0.134968, 0.990596, -0.819354, -0.57023, -0.0591329, 0.232726, 1.02996, 0.0146814)
collision_layer = 4
collision_mask = 5
joint_type = 1
joint_offset = Transform3D(1, 0, 0, 0, 1, 0, 0, 0, 1, 1.29557e-08, -4.80893e-08, 0.104444)
body_offset = Transform3D(1, 1.19209e-07, 1.86265e-08, 2.23517e-08, 9.31323e-08, -1, 0, 1, 1.75089e-07, -1.49012e-08, 0.104444, 2.98023e-08)
bone_name = "mixamorig7_LeftForeArm"
joint_constraints/bias = 0.3
joint_constraints/damping = 1.0
joint_constraints/impulse_clamp = 0.0

[node name="CollisionShape3D" type="CollisionShape3D" parent="man/Skeleton3D/PhysicalBoneSimulator3D/Physical Bone mixamorig7_LeftForeArm"]
transform = Transform3D(1, 0, 0, 0, 0, 1, 0, -1, 0, 0, 0, 0)
shape = SubResource("CapsuleShape3D_8xo1o")

[node name="Physical Bone mixamorig7_LeftHand" type="PhysicalBone3D" parent="man/Skeleton3D/PhysicalBoneSimulator3D"]
transform = Transform3D(0.86274, 0.385733, 0.32694, -0.00158899, -0.644505, 0.764598, 0.505646, -0.660169, -0.555427, 0.237574, 0.907699, 0.0345127)
collision_layer = 4
collision_mask = 5
joint_type = 1
joint_offset = Transform3D(1, 0, 0, 0, 1, 0, 0, 0, 1, -1.07102e-08, -7.91624e-09, 0.0245851)
body_offset = Transform3D(-0.396781, 0.689577, 0.605846, -9.31323e-10, 0.660026, -0.751244, -0.917914, -0.298079, -0.261885, -0.0148948, 0.0184694, 0.00643846)
bone_name = "mixamorig7_LeftHand"
joint_constraints/bias = 0.3
joint_constraints/damping = 1.0
joint_constraints/impulse_clamp = 0.0

[node name="CollisionShape3D" type="CollisionShape3D" parent="man/Skeleton3D/PhysicalBoneSimulator3D/Physical Bone mixamorig7_LeftHand"]
transform = Transform3D(1, 0, 0, 0, 0, 1, 0, -1, 0, 0, 0, 0)
shape = SubResource("CapsuleShape3D_hd38g")

[node name="Physical Bone mixamorig7_RightShoulder" type="PhysicalBone3D" parent="man/Skeleton3D/PhysicalBoneSimulator3D"]
transform = Transform3D(0.166054, 0.548465, 0.819519, 0.0491939, -0.83463, 0.54861, 0.984889, -0.0507836, -0.165575, -0.130037, 1.41596, -0.0387091)
collision_layer = 4
collision_mask = 5
joint_type = 1
joint_offset = Transform3D(1, 0, 0, 0, 1, 0, 0, 0, 1, 6.85814e-09, -1.3902e-08, 0.0700807)
body_offset = Transform3D(1, -8.9407e-08, -4.47035e-08, 1.19209e-07, 4.30271e-07, -1, -3.72529e-09, 1, 1.98372e-07, -3.72529e-09, 0.0700807, 0)
bone_name = "mixamorig7_RightShoulder"
joint_constraints/bias = 0.3
joint_constraints/damping = 1.0
joint_constraints/impulse_clamp = 0.0

[node name="CollisionShape3D" type="CollisionShape3D" parent="man/Skeleton3D/PhysicalBoneSimulator3D/Physical Bone mixamorig7_RightShoulder"]
transform = Transform3D(1, 0, 0, 0, 0, 1, 0, -1, 0, 0, 0, 0)
shape = SubResource("CapsuleShape3D_x0tio")

[node name="Physical Bone mixamorig7_RightArm" type="PhysicalBone3D" parent="man/Skeleton3D/PhysicalBoneSimulator3D"]
transform = Transform3D(0.601319, 0.785876, 0.14427, -0.070836, -0.127417, 0.989317, 0.795863, -0.605114, -0.0209497, -0.207176, 1.24238, -0.0242439)
collision_layer = 4
collision_mask = 5
joint_type = 1
joint_offset = Transform3D(1, 0, 0, 0, 1, 0, 0, 0, 1, -7.1238e-09, -1.16813e-08, 0.136591)
body_offset = Transform3D(1, -1.78814e-07, 5.21541e-08, 9.68575e-08, -5.30854e-07, -1, 2.98023e-08, 1, -5.69038e-07, 0, 0.136591, 8.9407e-08)
bone_name = "mixamorig7_RightArm"
joint_constraints/bias = 0.3
joint_constraints/damping = 1.0
joint_constraints/impulse_clamp = 0.0

[node name="CollisionShape3D" type="CollisionShape3D" parent="man/Skeleton3D/PhysicalBoneSimulator3D/Physical Bone mixamorig7_RightArm"]
transform = Transform3D(1, 0, 0, 0, 0, 1, 0, -1, 0, 0, 0, 0)
shape = SubResource("CapsuleShape3D_w2pao")

[node name="Physical Bone mixamorig7_RightForeArm" type="PhysicalBone3D" parent="man/Skeleton3D/PhysicalBoneSimulator3D"]
transform = Transform3D(0.609966, 0.789874, 0.0635653, 0.0446473, -0.114345, 0.992437, 0.791169, -0.602515, -0.105012, -0.233521, 1.00359, -0.010414)
collision_layer = 4
collision_mask = 5
joint_type = 1
joint_offset = Transform3D(1, 0, 0, 0, 1, 0, 0, 0, 1, -7.89731e-09, -1.21341e-08, 0.104449)
body_offset = Transform3D(1, -1.49012e-07, -6.70552e-08, -2.98023e-08, -4.39584e-07, -1, -5.96046e-08, 1, -4.54485e-07, 1.49012e-08, 0.104449, 5.96046e-08)
bone_name = "mixamorig7_RightForeArm"
joint_constraints/bias = 0.3
joint_constraints/damping = 1.0
joint_constraints/impulse_clamp = 0.0

[node name="CollisionShape3D" type="CollisionShape3D" parent="man/Skeleton3D/PhysicalBoneSimulator3D/Physical Bone mixamorig7_RightForeArm"]
transform = Transform3D(1, 0, 0, 0, 0, 1, 0, -1, 0, 0, 0, 0)
shape = SubResource("CapsuleShape3D_eik48")

[node name="Physical Bone mixamorig7_RightHand" type="PhysicalBone3D" parent="man/Skeleton3D/PhysicalBoneSimulator3D"]
transform = Transform3D(0.678523, -0.541089, -0.496819, 0.0366225, -0.650573, 0.75856, -0.733666, -0.532896, -0.421613, -0.227537, 0.880654, 0.0112669)
collision_layer = 4
collision_mask = 5
joint_type = 1
joint_offset = Transform3D(1, 0, 0, 0, 1, 0, 0, 0, 1, -2.32831e-08, 1.18744e-08, 0.0254084)
body_offset = Transform3D(-0.411068, -0.681137, -0.605868, -1.86265e-09, 0.664618, -0.747185, 0.911605, -0.307143, -0.273203, 0.0153941, 0.0189847, 0.00694166)
bone_name = "mixamorig7_RightHand"
joint_constraints/bias = 0.3
joint_constraints/damping = 1.0
joint_constraints/impulse_clamp = 0.0

[node name="CollisionShape3D" type="CollisionShape3D" parent="man/Skeleton3D/PhysicalBoneSimulator3D/Physical Bone mixamorig7_RightHand"]
transform = Transform3D(1, 0, 0, 0, 0, 1, 0, -1, 0, 0, 0, 0)
shape = SubResource("CapsuleShape3D_nnfo8")

[node name="Physical Bone mixamorig7_LeftUpLeg" type="PhysicalBone3D" parent="man/Skeleton3D/PhysicalBoneSimulator3D"]
transform = Transform3D(-0.978235, 0.177225, -0.107923, -0.0668734, 0.223093, 0.972501, 0.196429, 0.958551, -0.206386, 0.102669, 0.733385, 0.0559274)
collision_layer = 4
collision_mask = 5
joint_type = 1
joint_offset = Transform3D(1, 0, 0, 0, 1, 0, 0, 0, 1, -4.58858e-09, 2.10193e-08, 0.205287)
body_offset = Transform3D(0.999986, 0, 2.23517e-08, -1.11759e-08, 0, -1, 1.49012e-08, 0.999993, -2.98023e-08, 0, 0.205287, -1.49012e-08)
bone_name = "mixamorig7_LeftUpLeg"
joint_constraints/bias = 0.3
joint_constraints/damping = 1.0
joint_constraints/impulse_clamp = 0.0

[node name="CollisionShape3D" type="CollisionShape3D" parent="man/Skeleton3D/PhysicalBoneSimulator3D/Physical Bone mixamorig7_LeftUpLeg"]
transform = Transform3D(1, 0, 0, 0, 0, 1, 0, -1, 0, 0, 0, 0)
shape = SubResource("CapsuleShape3D_men70")

[node name="Physical Bone mixamorig7_LeftLeg" type="PhysicalBone3D" parent="man/Skeleton3D/PhysicalBoneSimulator3D"]
transform = Transform3D(-0.965106, 0.234931, -0.115663, -0.128891, -0.0416997, 0.990782, 0.227943, 0.971117, 0.0705251, 0.149135, 0.325496, 0.0834716)
collision_layer = 4
collision_mask = 5
joint_type = 1
joint_offset = Transform3D(1, 0, 0, 0, 1, 0, 0, 0, 1, 3.60968e-07, 7.23497e-07, 0.210185)
body_offset = Transform3D(0.999986, 7.15256e-07, -1.71736e-06, -2.98023e-08, 2.23517e-08, -0.999999, -1.49012e-08, 0.999993, -3.44217e-06, 0, 0.210185, 0)
bone_name = "mixamorig7_LeftLeg"
joint_constraints/bias = 0.3
joint_constraints/damping = 1.0
joint_constraints/impulse_clamp = 0.0

[node name="CollisionShape3D" type="CollisionShape3D" parent="man/Skeleton3D/PhysicalBoneSimulator3D/Physical Bone mixamorig7_LeftLeg"]
transform = Transform3D(1, 0, 0, 0, 0, 1, 0, -1, 0, 0, 0, 0)
shape = SubResource("CapsuleShape3D_au3at")

[node name="Physical Bone mixamorig7_LeftFoot" type="PhysicalBone3D" parent="man/Skeleton3D/PhysicalBoneSimulator3D"]
transform = Transform3D(-0.945171, 0.0976112, -0.311647, -0.0813211, 0.85388, 0.514077, 0.316289, 0.511235, -0.799125, 0.202556, 0.0692306, 0.143291)
collision_layer = 4
collision_mask = 5
joint_type = 1
joint_offset = Transform3D(1, 0, 0, 0, 1, 0, 0, 0, 1, 1.81928e-07, -6.54181e-07, 0.0934068)
body_offset = Transform3D(0.999986, 2.83122e-07, -1.78814e-06, 5.96046e-08, 2.98023e-08, -0.999996, 0, 0.999996, 7.00355e-06, -1.49012e-08, 0.0934064, 0)
bone_name = "mixamorig7_LeftFoot"
joint_constraints/bias = 0.3
joint_constraints/damping = 1.0
joint_constraints/impulse_clamp = 0.0

[node name="CollisionShape3D" type="CollisionShape3D" parent="man/Skeleton3D/PhysicalBoneSimulator3D/Physical Bone mixamorig7_LeftFoot"]
transform = Transform3D(1, 0, 0, 0, 0, 1, 0, -1, 0, 0, 0, 0)
shape = SubResource("CapsuleShape3D_wc11i")

[node name="Physical Bone mixamorig7_LeftToeBase" type="PhysicalBone3D" parent="man/Skeleton3D/PhysicalBoneSimulator3D"]
transform = Transform3D(-0.931574, -0.0482941, -0.360329, 0.0128266, 0.986154, -0.165333, 0.363324, -0.158642, -0.918057, 0.244419, 0.0270642, 0.250427)
collision_layer = 4
collision_mask = 5
joint_type = 1
joint_offset = Transform3D(1, 0, 0, 0, 1, 0, 0, 0, 1, 8.7545e-08, -3.48403e-08, 0.0353913)
body_offset = Transform3D(0.999987, 1.27032e-06, -2.47359e-06, -1.49012e-07, 1.49012e-08, -0.999993, -7.45058e-09, 1, 8.79169e-07, 0, 0.0353911, 3.72529e-09)
bone_name = "mixamorig7_LeftToeBase"
joint_constraints/bias = 0.3
joint_constraints/damping = 1.0
joint_constraints/impulse_clamp = 0.0

[node name="CollisionShape3D" type="CollisionShape3D" parent="man/Skeleton3D/PhysicalBoneSimulator3D/Physical Bone mixamorig7_LeftToeBase"]
transform = Transform3D(1, 0, 0, 0, 0, 1, 0, -1, 0, 0, 0, 0)
shape = SubResource("CapsuleShape3D_gldu6")

[node name="Physical Bone mixamorig7_RightUpLeg" type="PhysicalBone3D" parent="man/Skeleton3D/PhysicalBoneSimulator3D"]
transform = Transform3D(-0.9637, -0.266979, 0.00231363, -0.0105042, 0.0465726, 0.99886, -0.266782, 0.962576, -0.0476864, -0.0934754, 0.736868, 0.00681131)
collision_layer = 4
collision_mask = 5
joint_type = 1
joint_offset = Transform3D(1, 0, 0, 0, 1, 0, 0, 0, 1, 4.39706e-09, -3.0588e-09, 0.205271)
body_offset = Transform3D(0.999986, -2.98023e-08, -2.14204e-08, -1.39698e-08, 1.11759e-08, -1, 0, 0.999994, 1.49012e-08, 0, 0.205271, 0)
bone_name = "mixamorig7_RightUpLeg"
joint_constraints/bias = 0.3
joint_constraints/damping = 1.0
joint_constraints/impulse_clamp = 0.0

[node name="CollisionShape3D" type="CollisionShape3D" parent="man/Skeleton3D/PhysicalBoneSimulator3D/Physical Bone mixamorig7_RightUpLeg"]
transform = Transform3D(1, 0, 0, 0, 0, 1, 0, -1, 0, 0, 0, 0)
shape = SubResource("CapsuleShape3D_o2tku")

[node name="Physical Bone mixamorig7_RightLeg" type="PhysicalBone3D" parent="man/Skeleton3D/PhysicalBoneSimulator3D"]
transform = Transform3D(-0.9046, -0.426005, -0.014782, 0.0437595, -0.127305, 0.990898, -0.424009, 0.89572, 0.133802, -0.090848, 0.323867, -0.0114819)
collision_layer = 4
collision_mask = 5
joint_type = 1
joint_offset = Transform3D(1, 0, 0, 0, 1, 0, 0, 0, 1, -2.47431e-07, 4.1754e-07, 0.209874)
body_offset = Transform3D(0.999986, -2.65241e-06, 1.21444e-06, -3.72529e-09, 1.49012e-08, -1, 0, 0.999994, -2.01166e-06, -7.45058e-09, 0.209874, 4.65661e-09)
bone_name = "mixamorig7_RightLeg"
joint_constraints/bias = 0.3
joint_constraints/damping = 1.0
joint_constraints/impulse_clamp = 0.0

[node name="CollisionShape3D" type="CollisionShape3D" parent="man/Skeleton3D/PhysicalBoneSimulator3D/Physical Bone mixamorig7_RightLeg"]
transform = Transform3D(1, 0, 0, 0, 0, 1, 0, -1, 0, 0, 0, 0)
shape = SubResource("CapsuleShape3D_ih6uv")

[node name="Physical Bone mixamorig7_RightFoot" type="PhysicalBone3D" parent="man/Skeleton3D/PhysicalBoneSimulator3D"]
transform = Transform3D(-0.849245, -0.220942, 0.47955, 0.075691, 0.847916, 0.5247, -0.522546, 0.481896, -0.703364, -0.13141, 0.068129, 0.0244791)
collision_layer = 4
collision_mask = 5
joint_type = 1
joint_offset = Transform3D(1, 0, 0, 0, 1, 0, 0, 0, 1, -4.39557e-07, -5.58353e-07, 0.0910522)
body_offset = Transform3D(0.999987, -5.96046e-08, 4.50015e-06, -1.78814e-07, 2.38419e-07, -0.999995, 0, 0.999998, 6.3777e-06, 2.98023e-08, 0.0910518, -2.23517e-08)
bone_name = "mixamorig7_RightFoot"
joint_constraints/bias = 0.3
joint_constraints/damping = 1.0
joint_constraints/impulse_clamp = 0.0

[node name="CollisionShape3D" type="CollisionShape3D" parent="man/Skeleton3D/PhysicalBoneSimulator3D/Physical Bone mixamorig7_RightFoot"]
transform = Transform3D(1, 0, 0, 0, 0, 1, 0, -1, 0, 0, 0, 0)
shape = SubResource("CapsuleShape3D_bxyuc")

[node name="Physical Bone mixamorig7_RightToeBase" type="PhysicalBone3D" parent="man/Skeleton3D/PhysicalBoneSimulator3D"]
transform = Transform3D(-0.827132, 0.103759, 0.552346, -0.0146286, 0.978502, -0.205719, -0.561817, -0.178237, -0.807832, -0.194772, 0.0276903, 0.117329)
collision_layer = 4
collision_mask = 5
joint_type = 1
joint_offset = Transform3D(1, 0, 0, 0, 1, 0, 0, 0, 1, -1.69003e-07, 8.07693e-08, 0.0356601)
body_offset = Transform3D(0.999987, 9.61125e-07, 4.32134e-06, -8.9407e-08, 2.98023e-08, -0.999993, 0, 1, -2.26498e-06, 1.49012e-08, 0.0356599, 0)
bone_name = "mixamorig7_RightToeBase"
joint_constraints/bias = 0.3
joint_constraints/damping = 1.0
joint_constraints/impulse_clamp = 0.0

[node name="CollisionShape3D" type="CollisionShape3D" parent="man/Skeleton3D/PhysicalBoneSimulator3D/Physical Bone mixamorig7_RightToeBase"]
transform = Transform3D(1, 0, 0, 0, 0, 1, 0, -1, 0, 0, 0, 0)
shape = SubResource("CapsuleShape3D_c423f")

[node name="CollisionShape3D" type="CollisionShape3D" parent="."]
transform = Transform3D(1, 0, 0, 0, 1, -0.00020944, 0, 0.00020944, 1, 0, 0.890821, 0)
shape = SubResource("CapsuleShape3D_1eoi7")

[node name="Area3D" type="Area3D" parent="."]
collision_layer = 0
collision_mask = 2

[node name="CollisionShape3D" type="CollisionShape3D" parent="Area3D"]
transform = Transform3D(1, 0, 0, 0, 1, 0, 0, 0, 1, 0, 1.169, 3.23064)
shape = SubResource("BoxShape3D_26xuq")

[node name="AnimationTree" type="AnimationTree" parent="."]
root_node = NodePath("../man")
tree_root = SubResource("AnimationNodeStateMachine_2kua6")
anim_player = NodePath("../man/AnimationPlayer")
parameters/conditions/idle = true
parameters/conditions/kick = false
parameters/conditions/run = false
parameters/conditions/walk = false

[connection signal="body_entered" from="Area3D" to="." method="_on_area_3d_body_entered"]

[editable path="man"]
