[gd_scene load_steps=49 format=3 uid="uid://duf4oy5m5lkvx"]

[ext_resource type="Script" path="res://man.gd" id="1_oi3tw"]
[ext_resource type="PackedScene" uid="uid://btgpmaa5beg26" path="res://man.glb" id="2_hf81u"]

[sub_resource type="CapsuleShape3D" id="CapsuleShape3D_w1mi0"]
radius = 0.0996024
height = 0.996024

[sub_resource type="CapsuleShape3D" id="CapsuleShape3D_nhv7j"]
radius = 0.00975774
height = 0.0975774

[sub_resource type="CapsuleShape3D" id="CapsuleShape3D_skwjo"]
radius = 0.011384
height = 0.11384

[sub_resource type="CapsuleShape3D" id="CapsuleShape3D_u7i6w"]
radius = 0.0130103
height = 0.130103

[sub_resource type="CapsuleShape3D" id="CapsuleShape3D_06ry7"]
radius = 0.0146366
height = 0.146366

[sub_resource type="CapsuleShape3D" id="CapsuleShape3D_10ckf"]
radius = 0.00722172
height = 0.0722172

[sub_resource type="CapsuleShape3D" id="CapsuleShape3D_adbse"]
radius = 0.0237001
height = 0.237001

[sub_resource type="CapsuleShape3D" id="CapsuleShape3D_6ykku"]
radius = 0.0140161
height = 0.140161

[sub_resource type="CapsuleShape3D" id="CapsuleShape3D_wq1ui"]
radius = 0.0273303
height = 0.273303

[sub_resource type="CapsuleShape3D" id="CapsuleShape3D_8xo1o"]
radius = 0.0208888
height = 0.208888

[sub_resource type="CapsuleShape3D" id="CapsuleShape3D_hd38g"]
radius = 0.00491702
height = 0.0491702

[sub_resource type="CapsuleShape3D" id="CapsuleShape3D_x0tio"]
radius = 0.0140161
height = 0.140161

[sub_resource type="CapsuleShape3D" id="CapsuleShape3D_w2pao"]
radius = 0.0273183
height = 0.273183

[sub_resource type="CapsuleShape3D" id="CapsuleShape3D_eik48"]
radius = 0.0208898
height = 0.208898

[sub_resource type="CapsuleShape3D" id="CapsuleShape3D_nnfo8"]
radius = 0.00508167
height = 0.0508167

[sub_resource type="CapsuleShape3D" id="CapsuleShape3D_men70"]
radius = 0.0410574
height = 0.410574

[sub_resource type="CapsuleShape3D" id="CapsuleShape3D_au3at"]
radius = 0.042037
height = 0.42037

[sub_resource type="CapsuleShape3D" id="CapsuleShape3D_wc11i"]
radius = 0.0186813
height = 0.186813

[sub_resource type="CapsuleShape3D" id="CapsuleShape3D_gldu6"]
radius = 0.00707822
height = 0.0707822

[sub_resource type="CapsuleShape3D" id="CapsuleShape3D_o2tku"]
radius = 0.0410543
height = 0.410543

[sub_resource type="CapsuleShape3D" id="CapsuleShape3D_ih6uv"]
radius = 0.0419747
height = 0.419747

[sub_resource type="CapsuleShape3D" id="CapsuleShape3D_bxyuc"]
radius = 0.0182104
height = 0.182104

[sub_resource type="CapsuleShape3D" id="CapsuleShape3D_c423f"]
radius = 0.00713197
height = 0.0713197

[sub_resource type="StandardMaterial3D" id="StandardMaterial3D_4n60b"]
transparency = 1
albedo_color = Color(1, 0, 0, 0.113725)

[sub_resource type="BoxMesh" id="BoxMesh_r2sqw"]

[sub_resource type="BoxShape3D" id="BoxShape3D_hjwg7"]

[sub_resource type="CapsuleShape3D" id="CapsuleShape3D_1eoi7"]
radius = 0.25
height = 1.76

[sub_resource type="BoxShape3D" id="BoxShape3D_26xuq"]
size = Vector3(2.347, 1.54, 6.064)

[sub_resource type="AnimationNodeAnimation" id="AnimationNodeAnimation_awfq6"]
animation = &"Idle"

[sub_resource type="AnimationNodeAnimation" id="AnimationNodeAnimation_at11m"]
animation = &"Kick"

[sub_resource type="AnimationNodeAnimation" id="AnimationNodeAnimation_jxy5d"]
animation = &"Running"

[sub_resource type="AnimationNodeAnimation" id="AnimationNodeAnimation_n65it"]
animation = &"Walking"

[sub_resource type="AnimationNodeStateMachineTransition" id="AnimationNodeStateMachineTransition_8i437"]
advance_mode = 2

[sub_resource type="AnimationNodeStateMachineTransition" id="AnimationNodeStateMachineTransition_15hsw"]
xfade_time = 0.2
priority = 0
advance_mode = 2
advance_condition = &"kick"

[sub_resource type="AnimationNodeStateMachineTransition" id="AnimationNodeStateMachineTransition_5ddsr"]
xfade_time = 0.5
switch_mode = 2
advance_mode = 2
advance_condition = &"idle"

[sub_resource type="AnimationNodeStateMachineTransition" id="AnimationNodeStateMachineTransition_l357m"]
xfade_time = 0.5
switch_mode = 2
advance_mode = 2
advance_condition = &"run"

[sub_resource type="AnimationNodeStateMachineTransition" id="AnimationNodeStateMachineTransition_8lgja"]
xfade_time = 0.2
priority = 0
advance_mode = 2
advance_condition = &"kick"

[sub_resource type="AnimationNodeStateMachineTransition" id="AnimationNodeStateMachineTransition_h4tcl"]
xfade_time = 0.5
advance_mode = 2
advance_condition = &"walk"

[sub_resource type="AnimationNodeStateMachineTransition" id="AnimationNodeStateMachineTransition_fpc3h"]
xfade_time = 0.5
advance_mode = 2
advance_condition = &"idle"

[sub_resource type="AnimationNodeStateMachineTransition" id="AnimationNodeStateMachineTransition_nkyap"]
xfade_time = 0.5
advance_mode = 2
advance_condition = &"run"

[sub_resource type="AnimationNodeStateMachineTransition" id="AnimationNodeStateMachineTransition_mi8rx"]
xfade_time = 0.5
advance_mode = 2
advance_condition = &"idle"

[sub_resource type="AnimationNodeStateMachineTransition" id="AnimationNodeStateMachineTransition_caf7y"]
xfade_time = 0.5
advance_mode = 2
advance_condition = &"run"

[sub_resource type="AnimationNodeStateMachineTransition" id="AnimationNodeStateMachineTransition_ymjiw"]
xfade_time = 0.5
advance_mode = 2
advance_condition = &"walk"

[sub_resource type="AnimationNodeStateMachineTransition" id="AnimationNodeStateMachineTransition_tsdvo"]
xfade_time = 0.2
priority = 0
advance_mode = 2
advance_condition = &"kick"

[sub_resource type="AnimationNodeStateMachineTransition" id="AnimationNodeStateMachineTransition_g2oew"]
xfade_time = 0.5
switch_mode = 2
advance_mode = 2
advance_condition = &"walk"

[sub_resource type="AnimationNodeStateMachine" id="AnimationNodeStateMachine_2kua6"]
states/Idle/node = SubResource("AnimationNodeAnimation_awfq6")
states/Idle/position = Vector2(332, -42)
states/Kick/node = SubResource("AnimationNodeAnimation_at11m")
states/Kick/position = Vector2(395.5, 256.5)
states/Running/node = SubResource("AnimationNodeAnimation_jxy5d")
states/Running/position = Vector2(742, 56)
states/Start/position = Vector2(102, 93.25)
states/Walking/node = SubResource("AnimationNodeAnimation_n65it")
states/Walking/position = Vector2(462, 116)
transitions = ["Start", "Idle", SubResource("AnimationNodeStateMachineTransition_8i437"), "Idle", "Kick", SubResource("AnimationNodeStateMachineTransition_15hsw"), "Kick", "Idle", SubResource("AnimationNodeStateMachineTransition_5ddsr"), "Kick", "Running", SubResource("AnimationNodeStateMachineTransition_l357m"), "Running", "Kick", SubResource("AnimationNodeStateMachineTransition_8lgja"), "Idle", "Walking", SubResource("AnimationNodeStateMachineTransition_h4tcl"), "Walking", "Idle", SubResource("AnimationNodeStateMachineTransition_fpc3h"), "Idle", "Running", SubResource("AnimationNodeStateMachineTransition_nkyap"), "Running", "Idle", SubResource("AnimationNodeStateMachineTransition_mi8rx"), "Walking", "Running", SubResource("AnimationNodeStateMachineTransition_caf7y"), "Running", "Walking", SubResource("AnimationNodeStateMachineTransition_ymjiw"), "Walking", "Kick", SubResource("AnimationNodeStateMachineTransition_tsdvo"), "Kick", "Walking", SubResource("AnimationNodeStateMachineTransition_g2oew")]
graph_offset = Vector2(-130, -14)

[node name="Man" type="CharacterBody3D" groups=["killable"]]
collision_layer = 2
script = ExtResource("1_oi3tw")

[node name="man" parent="." instance=ExtResource("2_hf81u")]

[node name="Skeleton3D" parent="man" index="0"]
bones/1/position = Vector3(-0.0159024, 0.0206225, -0.928191)
bones/1/rotation = Quaternion(-0.582173, 0.0486183, 0.0285583, 0.811107)
bones/2/rotation = Quaternion(-0.00366122, 0.0854544, -0.0668362, 0.994091)
bones/3/rotation = Quaternion(0.0310062, 0.0290743, -0.0135436, 0.999004)
bones/4/rotation = Quaternion(0.0309727, 0.0295561, -0.0124366, 0.999006)
bones/5/rotation = Quaternion(0.0672563, -0.0241662, -0.00268964, 0.997439)
bones/6/rotation = Quaternion(0.0103348, -0.0244132, -0.000965708, 0.999648)
bones/8/rotation = Quaternion(-0.657921, -0.348231, 0.506598, -0.435009)
bones/8/scale = Vector3(1, 1, 1)
bones/9/rotation = Quaternion(0.325933, 0.293395, -0.238006, 0.866626)
bones/9/scale = Vector3(1, 1, 1)
bones/10/rotation = Quaternion(0.013278, 0.0210086, 0.516284, 0.856057)
bones/11/rotation = Quaternion(-0.0165587, -0.295309, 0.0591282, 0.953427)
bones/11/scale = Vector3(1, 1, 1)
bones/12/rotation = Quaternion(0.0760237, 0.0311061, 0.255642, 0.963276)
bones/12/scale = Vector3(1, 1, 1)
bones/13/rotation = Quaternion(0.0747508, 0.0410666, -0.223566, 0.97095)
bones/14/rotation = Quaternion(-0.264812, -0.0651784, -0.106289, 0.956206)
bones/16/rotation = Quaternion(0.674882, 0.0180966, -0.0233436, 0.737335)
bones/17/rotation = Quaternion(0.554503, 0.00683157, -0.058916, 0.830066)
bones/18/rotation = Quaternion(0.370352, -0.00249131, -0.0491235, 0.927588)
bones/18/scale = Vector3(1, 1, 1)
bones/20/rotation = Quaternion(0.686247, -0.0331397, -0.0858023, 0.721529)
bones/20/scale = Vector3(1, 1, 1)
bones/21/rotation = Quaternion(0.560604, 0.00632236, -0.0593974, 0.825927)
bones/22/rotation = Quaternion(0.389971, -0.000635174, -0.0494183, 0.9195)
bones/22/scale = Vector3(1, 1, 1)
bones/24/rotation = Quaternion(0.728168, -0.0383424, -0.112052, 0.675089)
bones/24/scale = Vector3(1, 1, 1)
bones/25/rotation = Quaternion(0.52096, 0.00298385, -0.0660718, 0.851015)
bones/25/scale = Vector3(1, 1, 1)
bones/26/rotation = Quaternion(0.312529, -0.00719646, -0.0524609, 0.948431)
bones/26/scale = Vector3(1, 1, 1)
bones/28/rotation = Quaternion(0.788355, -0.0688571, -0.212378, 0.573281)
bones/29/rotation = Quaternion(0.578375, 0.00740818, -0.0624877, 0.813341)
bones/30/rotation = Quaternion(0.395514, 0.000368158, -0.0512009, 0.917032)
bones/32/rotation = Quaternion(0.62674, -0.384205, 0.459823, 0.498143)
bones/33/rotation = Quaternion(0.405309, 0.10685, -0.1188, 0.900108)
bones/33/scale = Vector3(1, 1, 1)
bones/34/rotation = Quaternion(0.0740359, -0.0403884, -0.871684, 0.482758)
bones/35/rotation = Quaternion(-0.121718, 0.0742492, -0.365844, 0.91969)
bones/35/scale = Vector3(1, 1, 1)
bones/36/rotation = Quaternion(0.0649806, -0.0368388, -0.294006, 0.95288)
bones/37/rotation = Quaternion(0.044285, -0.0347334, 0.241387, 0.968796)
bones/38/rotation = Quaternion(-0.144805, 0.0410438, 0.0970422, 0.983834)
bones/40/rotation = Quaternion(0.678156, -0.00973842, 0.0324766, 0.734135)
bones/40/scale = Vector3(1, 1, 1)
bones/41/rotation = Quaternion(0.543237, -0.00323771, 0.0501506, 0.838074)
bones/41/scale = Vector3(1, 1, 1)
bones/42/rotation = Quaternion(0.455935, -0.00512224, 0.0417525, 0.889018)
bones/44/rotation = Quaternion(0.67332, 0.0383037, 0.0759329, 0.734443)
bones/45/rotation = Quaternion(0.575874, -0.00702741, 0.0498113, 0.815989)
bones/46/rotation = Quaternion(0.382475, 0.000802187, 0.0415482, 0.923031)
bones/47/rotation = Quaternion(3.14321e-09, -6.98492e-10, 4.1359e-25, 1)
bones/48/rotation = Quaternion(0.738696, 0.0213817, 0.124351, 0.662124)
bones/48/scale = Vector3(1, 1, 1)
bones/49/rotation = Quaternion(0.538925, -0.00343925, 0.0555587, 0.840512)
bones/50/rotation = Quaternion(0.371562, 0.00185662, 0.0444024, 0.927344)
bones/50/scale = Vector3(1, 1, 1)
bones/52/rotation = Quaternion(0.755841, 0.0522654, 0.213772, 0.616663)
bones/53/rotation = Quaternion(0.566335, -0.00651809, 0.0559698, 0.822247)
bones/54/rotation = Quaternion(0.335396, 0.00487853, 0.0455363, 0.940964)
bones/56/rotation = Quaternion(-0.00427475, 0.519998, 0.851811, 0.0632542)
bones/56/scale = Vector3(1.00001, 1, 1.00001)
bones/57/rotation = Quaternion(-0.299111, -0.084465, 0.0118992, 0.950398)
bones/58/rotation = Quaternion(0.428837, -0.0230099, -0.00725698, 0.90306)
bones/59/rotation = Quaternion(0.289536, -0.0443171, 0.0146229, 0.956029)
bones/61/rotation = Quaternion(-0.104819, -0.12019, 0.98682, 0.0274554)
bones/61/scale = Vector3(1.00001, 1, 1.00001)
bones/62/rotation = Quaternion(-0.294588, 0.0262947, -0.00108499, 0.955262)
bones/63/rotation = Quaternion(0.155794, 0.0143508, 0.0245177, 0.987381)
bones/64/rotation = Quaternion(0.304968, 0.0405555, -0.0135274, 0.951403)
bones/64/scale = Vector3(1, 1, 1)

[node name="PhysicalBoneSimulator3D" type="PhysicalBoneSimulator3D" parent="man/Skeleton3D" index="9"]
active = false

[node name="Physical Bone Armature" type="PhysicalBone3D" parent="man/Skeleton3D/PhysicalBoneSimulator3D"]
transform = Transform3D(1, 0, 0, 0, -0.0257093, -0.999669, 0, 0.999669, -0.0257093, 0, 0.497847, 0.0128035)
collision_layer = 4
collision_mask = 5
joint_offset = Transform3D(1, 0, 0, 0, 1, 0, 0, 0, 1, 0, 3.53903e-08, 0.498012)
body_offset = Transform3D(1, 0, 0, 0, 0.999669, -0.0257093, 0, 0.0257093, 0.999669, 0, 0.0128035, -0.497847)
bone_name = "Armature"

[node name="CollisionShape3D" type="CollisionShape3D" parent="man/Skeleton3D/PhysicalBoneSimulator3D/Physical Bone Armature"]
transform = Transform3D(1, 0, 0, 0, 0, 1, 0, -1, 0, 0, 0, 0)
shape = SubResource("CapsuleShape3D_w1mi0")

[node name="Physical Bone mixamorig7_Hips" type="PhysicalBone3D" parent="man/Skeleton3D/PhysicalBoneSimulator3D"]
transform = Transform3D(0.9997, 0.0175144, 0.0171516, 0.0191337, -0.120113, -0.992576, -0.0153243, 0.992606, -0.120412, -0.0179327, 0.970857, -0.000791069)
collision_layer = 4
collision_mask = 5
joint_type = 1
joint_offset = Transform3D(1, 0, 0, 0, 1, 0, 0, 0, 1, 0.00570284, 0.0155631, 0.0481507)
body_offset = Transform3D(0.994934, -0.0803276, -0.0604544, -0.0446843, 0.185337, -0.981659, 0.0900587, 0.979387, 0.180809, -0.00151288, 0.0446379, -0.024462)
bone_name = "mixamorig7_Hips"
joint_constraints/bias = 0.3
joint_constraints/damping = 1.0
joint_constraints/impulse_clamp = 0.0

[node name="CollisionShape3D" type="CollisionShape3D" parent="man/Skeleton3D/PhysicalBoneSimulator3D/Physical Bone mixamorig7_Hips"]
transform = Transform3D(1, 0, 0, 0, 0, 1, 0, -1, 0, 0, 0, 0)
shape = SubResource("CapsuleShape3D_nhv7j")

[node name="Physical Bone mixamorig7_Spine" type="PhysicalBone3D" parent="man/Skeleton3D/PhysicalBoneSimulator3D"]
transform = Transform3D(0.997782, 0.0307228, -0.0590616, -0.0490867, -0.259805, -0.964413, -0.044974, 0.965172, -0.257721, -0.0152912, 1.07624, 0.0200739)
collision_layer = 4
collision_mask = 5
joint_type = 1
joint_offset = Transform3D(1, 0, 0, 0, 1, 0, 0, 0, 1, -0.000128655, 0.0226241, 0.0555461)
body_offset = Transform3D(0.998293, -0.0581522, -0.00543729, -0.00419386, 0.0214829, -0.99976, 0.0582551, 0.998077, 0.0212024, 0.0017461, 0.0550462, -0.0237508)
bone_name = "mixamorig7_Spine"
joint_constraints/bias = 0.3
joint_constraints/damping = 1.0
joint_constraints/impulse_clamp = 0.0

[node name="CollisionShape3D" type="CollisionShape3D" parent="man/Skeleton3D/PhysicalBoneSimulator3D/Physical Bone mixamorig7_Spine"]
transform = Transform3D(1, 0, 0, 0, 0, 1, 0, -1, 0, 0, 0, 0)
shape = SubResource("CapsuleShape3D_skwjo")

[node name="Physical Bone mixamorig7_Spine1" type="PhysicalBone3D" parent="man/Skeleton3D/PhysicalBoneSimulator3D"]
transform = Transform3D(0.997269, 0.0231528, -0.0701276, -0.0582785, -0.336524, -0.93987, -0.0453602, 0.94139, -0.334256, -0.0071655, 1.19376, 0.0568455)
collision_layer = 4
collision_mask = 5
joint_type = 1
joint_offset = Transform3D(1, 0, 0, 0, 1, 0, 0, 0, 1, -0.000666961, 0.0250375, 0.0632195)
body_offset = Transform3D(0.998249, -0.0536922, 0.0248167, 0.0250095, 0.00292081, -0.999683, 0.0536027, 0.998553, 0.00425857, 0.000441208, 0.063143, -0.0252347)
bone_name = "mixamorig7_Spine1"
joint_constraints/bias = 0.3
joint_constraints/damping = 1.0
joint_constraints/impulse_clamp = 0.0

[node name="CollisionShape3D" type="CollisionShape3D" parent="man/Skeleton3D/PhysicalBoneSimulator3D/Physical Bone mixamorig7_Spine1"]
transform = Transform3D(1, 0, 0, 0, 0, 1, 0, -1, 0, 0, 0, 0)
shape = SubResource("CapsuleShape3D_u7i6w")

[node name="Physical Bone mixamorig7_Spine2" type="PhysicalBone3D" parent="man/Skeleton3D/PhysicalBoneSimulator3D"]
transform = Transform3D(0.996691, 0.0141648, -0.0800456, -0.0672094, -0.410306, -0.909468, -0.0457256, 0.911838, -0.407996, 0.0034921, 1.32306, 0.108936)
collision_layer = 4
collision_mask = 5
joint_type = 1
joint_offset = Transform3D(1, 0, 0, 0, 1, 0, 0, 0, 1, 0.00253192, 0.0253943, 0.0710228)
body_offset = Transform3D(0.997309, -0.0485669, 0.0549099, 0.0542708, -0.0143826, -0.998423, 0.0492801, 0.998717, -0.0117081, -0.00519164, 0.0711386, -0.0246549)
bone_name = "mixamorig7_Spine2"
joint_constraints/bias = 0.3
joint_constraints/damping = 1.0
joint_constraints/impulse_clamp = 0.0

[node name="CollisionShape3D" type="CollisionShape3D" parent="man/Skeleton3D/PhysicalBoneSimulator3D/Physical Bone mixamorig7_Spine2"]
transform = Transform3D(1, 0, 0, 0, 0, 1, 0, -1, 0, 0, 0, 0)
shape = SubResource("CapsuleShape3D_06ry7")

[node name="Physical Bone mixamorig7_Neck" type="PhysicalBone3D" parent="man/Skeleton3D/PhysicalBoneSimulator3D"]
transform = Transform3D(-0.998507, 0.0326064, -0.043824, 0.0532515, 0.759751, -0.64803, 0.0121654, -0.649397, -0.760353, 0.0113548, 1.41202, 0.165676)
collision_layer = 4
collision_mask = 5
joint_type = 1
joint_offset = Transform3D(1, 0, 0, 0, 1, 0, 0, 0, 1, -0.0106177, -0.0197237, 0.0236961)
body_offset = Transform3D(-0.99645, 0.0176459, 0.0823166, -0.0697935, 0.373627, -0.92495, -0.0470773, -0.927411, -0.371069, -0.0121825, 0.028546, -0.00999898)
bone_name = "mixamorig7_Neck"
joint_constraints/bias = 0.3
joint_constraints/damping = 1.0
joint_constraints/impulse_clamp = 0.0

[node name="CollisionShape3D" type="CollisionShape3D" parent="man/Skeleton3D/PhysicalBoneSimulator3D/Physical Bone mixamorig7_Neck"]
transform = Transform3D(1, 0, 0, 0, 0, 1, 0, -1, 0, 0, 0, 0)
shape = SubResource("CapsuleShape3D_10ckf")

[node name="Physical Bone mixamorig7_Head" type="PhysicalBone3D" parent="man/Skeleton3D/PhysicalBoneSimulator3D"]
transform = Transform3D(-0.999059, 0.0430114, -0.00553261, 0.0374415, 0.791159, -0.610464, -0.0218797, -0.610097, -0.792025, 0.0139521, 1.50691, 0.286537)
collision_layer = 4
collision_mask = 5
joint_type = 1
joint_offset = Transform3D(1, 0, 0, 0, 1, 0, 0, 0, 1, -0.0165539, -0.0110361, 0.105858)
body_offset = Transform3D(-0.995375, 0.0104463, 0.0954959, -0.0802372, 0.456231, -0.886237, -0.0528261, -0.8898, -0.453283, -0.0264711, 0.0975219, 0.0372892)
bone_name = "mixamorig7_Head"
joint_constraints/bias = 0.3
joint_constraints/damping = 1.0
joint_constraints/impulse_clamp = 0.0

[node name="CollisionShape3D" type="CollisionShape3D" parent="man/Skeleton3D/PhysicalBoneSimulator3D/Physical Bone mixamorig7_Head"]
transform = Transform3D(1, 0, 0, 0, 0, 1, 0, -1, 0, 0, 0, 0)
shape = SubResource("CapsuleShape3D_adbse")

[node name="Physical Bone mixamorig7_LeftShoulder" type="PhysicalBone3D" parent="man/Skeleton3D/PhysicalBoneSimulator3D"]
transform = Transform3D(0.383, -0.780219, -0.49454, 0.245653, -0.430059, 0.868737, -0.890486, -0.454212, 0.0269507, 0.114704, 1.31166, 0.125006)
collision_layer = 4
collision_mask = 5
joint_type = 1
joint_offset = Transform3D(1, 0, 0, 0, 1, 0, 0, 0, 1, -0.0174848, -0.00535151, 0.0571756)
body_offset = Transform3D(0.949602, 0.175661, 0.259616, 0.286823, -0.152818, -0.945716, -0.126451, 0.972517, -0.1955, 0.00269991, 0.0582691, 0.0141713)
bone_name = "mixamorig7_LeftShoulder"
joint_constraints/bias = 0.3
joint_constraints/damping = 1.0
joint_constraints/impulse_clamp = 0.0

[node name="CollisionShape3D" type="CollisionShape3D" parent="man/Skeleton3D/PhysicalBoneSimulator3D/Physical Bone mixamorig7_LeftShoulder"]
transform = Transform3D(1, 0, 0, 0, 0, 1, 0, -1, 0, 0, 0, 0)
shape = SubResource("CapsuleShape3D_6ykku")

[node name="Physical Bone mixamorig7_LeftArm" type="PhysicalBone3D" parent="man/Skeleton3D/PhysicalBoneSimulator3D"]
transform = Transform3D(0.475312, -0.102331, 0.873846, -0.274035, 0.926588, 0.257564, -0.836052, -0.361888, 0.412376, 0.0312932, 1.24098, 0.0704623)
collision_layer = 4
collision_mask = 5
joint_type = 1
joint_offset = Transform3D(1, 0, 0, 0, 1, 0, 0, 0, 1, 0.0281616, -0.0108023, 0.155387)
body_offset = Transform3D(0.790949, 0.610357, -0.0431817, 0.592636, -0.78172, -0.194155, -0.15226, 0.127976, -0.98002, -0.00897121, 0.0050354, 0.157953)
bone_name = "mixamorig7_LeftArm"
joint_constraints/bias = 0.3
joint_constraints/damping = 1.0
joint_constraints/impulse_clamp = 0.0

[node name="CollisionShape3D" type="CollisionShape3D" parent="man/Skeleton3D/PhysicalBoneSimulator3D/Physical Bone mixamorig7_LeftArm"]
transform = Transform3D(1, 0, 0, 0, 0, 1, 0, -1, 0, 0, 0, 0)
shape = SubResource("CapsuleShape3D_wq1ui")

[node name="Physical Bone mixamorig7_LeftForeArm" type="PhysicalBone3D" parent="man/Skeleton3D/PhysicalBoneSimulator3D"]
transform = Transform3D(0.303843, 0.238567, 0.922369, -0.887028, 0.424114, 0.182506, -0.34765, -0.873621, 0.34048, -0.0899455, 1.20054, -0.216782)
collision_layer = 4
collision_mask = 5
joint_type = 1
joint_offset = Transform3D(1, 0, 0, 0, 1, 0, 0, 0, 1, 0.182383, -0.224575, 0.349268)
body_offset = Transform3D(0.85349, 0.519447, -0.0415855, 0.514873, -0.852896, -0.0864587, -0.0803785, 0.0523804, -0.995387, -0.0244828, -0.255245, 0.37408)
bone_name = "mixamorig7_LeftForeArm"
joint_constraints/bias = 0.3
joint_constraints/damping = 1.0
joint_constraints/impulse_clamp = 0.0

[node name="CollisionShape3D" type="CollisionShape3D" parent="man/Skeleton3D/PhysicalBoneSimulator3D/Physical Bone mixamorig7_LeftForeArm"]
transform = Transform3D(1, 0, 0, 0, 0, 1, 0, -1, 0, 0, 0, 0)
shape = SubResource("CapsuleShape3D_8xo1o")

[node name="Physical Bone mixamorig7_LeftHand" type="PhysicalBone3D" parent="man/Skeleton3D/PhysicalBoneSimulator3D"]
transform = Transform3D(0.450554, -0.703195, 0.550017, -0.165419, -0.671183, -0.7226, 0.87729, 0.234587, -0.418725, -0.346534, 1.22753, 0.114065)
collision_layer = 4
collision_mask = 5
joint_type = 1
joint_offset = Transform3D(1, 0, 0, 0, 1, 0, 0, 0, 1, 0.343835, -0.117103, 0.57605)
body_offset = Transform3D(-0.416895, 0.632359, 0.652933, 0.903177, 0.369054, 0.21925, -0.102323, 0.681118, -0.724989, -0.158728, -0.393625, 0.532573)
bone_name = "mixamorig7_LeftHand"
joint_constraints/bias = 0.3
joint_constraints/damping = 1.0
joint_constraints/impulse_clamp = 0.0

[node name="CollisionShape3D" type="CollisionShape3D" parent="man/Skeleton3D/PhysicalBoneSimulator3D/Physical Bone mixamorig7_LeftHand"]
transform = Transform3D(1, 0, 0, 0, 0, 1, 0, -1, 0, 0, 0, 0)
shape = SubResource("CapsuleShape3D_hd38g")

[node name="Physical Bone mixamorig7_RightShoulder" type="PhysicalBone3D" parent="man/Skeleton3D/PhysicalBoneSimulator3D"]
transform = Transform3D(0.541136, 0.429193, 0.723164, -0.426148, -0.601399, 0.675809, 0.724962, -0.673879, -0.142539, -0.117519, 1.33058, 0.147142)
collision_layer = 4
collision_mask = 5
joint_type = 1
joint_offset = Transform3D(1, 0, 0, 0, 1, 0, 0, 0, 1, 0.0279672, -0.00350421, 0.0768964)
body_offset = Transform3D(0.981796, -0.132451, -0.136143, -0.172312, -0.319511, -0.931784, 0.0799171, 0.93828, -0.336518, -0.0174533, 0.0753503, 0.0269299)
bone_name = "mixamorig7_RightShoulder"
joint_constraints/bias = 0.3
joint_constraints/damping = 1.0
joint_constraints/impulse_clamp = 0.0

[node name="CollisionShape3D" type="CollisionShape3D" parent="man/Skeleton3D/PhysicalBoneSimulator3D/Physical Bone mixamorig7_RightShoulder"]
transform = Transform3D(1, 0, 0, 0, 0, 1, 0, -1, 0, 0, 0, 0)
shape = SubResource("CapsuleShape3D_x0tio")

[node name="Physical Bone mixamorig7_RightArm" type="PhysicalBone3D" parent="man/Skeleton3D/PhysicalBoneSimulator3D"]
transform = Transform3D(0.646097, 0.101114, -0.756528, 0.212436, 0.928197, 0.305485, 0.733096, -0.358086, 0.578225, -0.028908, 1.28444, 0.083464)
collision_layer = 4
collision_mask = 5
joint_type = 1
joint_offset = Transform3D(1, 0, 0, 0, 1, 0, 0, 0, 1, -0.00830902, -0.0183781, 0.183577)
body_offset = Transform3D(0.756128, -0.652764, 0.0465831, -0.632683, -0.74735, -0.20293, 0.167279, 0.123969, -0.978085, -0.0142655, 0.0182614, 0.183222)
bone_name = "mixamorig7_RightArm"
joint_constraints/bias = 0.3
joint_constraints/damping = 1.0
joint_constraints/impulse_clamp = 0.0

[node name="CollisionShape3D" type="CollisionShape3D" parent="man/Skeleton3D/PhysicalBoneSimulator3D/Physical Bone mixamorig7_RightArm"]
transform = Transform3D(1, 0, 0, 0, 0, 1, 0, -1, 0, 0, 0, 0)
shape = SubResource("CapsuleShape3D_w2pao")

[node name="Physical Bone mixamorig7_RightForeArm" type="PhysicalBone3D" parent="man/Skeleton3D/PhysicalBoneSimulator3D"]
transform = Transform3D(0.437224, -0.277575, -0.855446, 0.760599, 0.621703, 0.187017, 0.479922, -0.732419, 0.482946, 0.0730404, 1.25522, -0.17377)
collision_layer = 4
collision_mask = 5
joint_type = 1
joint_offset = Transform3D(1, 0, 0, 0, 1, 0, 0, 0, 1, -0.148826, -0.219673, 0.390832)
body_offset = Transform3D(0.820633, -0.571137, -0.0190734, -0.571431, -0.819833, -0.0366232, 0.00527966, 0.0409535, -0.999147, 0.00412272, -0.250826, 0.400281)
bone_name = "mixamorig7_RightForeArm"
joint_constraints/bias = 0.3
joint_constraints/damping = 1.0
joint_constraints/impulse_clamp = 0.0

[node name="CollisionShape3D" type="CollisionShape3D" parent="man/Skeleton3D/PhysicalBoneSimulator3D/Physical Bone mixamorig7_RightForeArm"]
transform = Transform3D(1, 0, 0, 0, 0, 1, 0, -1, 0, 0, 0, 0)
shape = SubResource("CapsuleShape3D_eik48")

[node name="Physical Bone mixamorig7_RightHand" type="PhysicalBone3D" parent="man/Skeleton3D/PhysicalBoneSimulator3D"]
transform = Transform3D(-0.291862, 0.309635, -0.904955, 0.58748, -0.688603, -0.425081, -0.754774, -0.655707, 0.0190723, 0.273477, 1.25269, -0.0909837)
collision_layer = 4
collision_mask = 5
joint_type = 1
joint_offset = Transform3D(1, 0, 0, 0, 1, 0, 0, 0, 1, -0.25847, -0.0799318, 0.649385)
body_offset = Transform3D(-0.661508, -0.494367, -0.563923, -0.739652, 0.554208, 0.381796, 0.123784, 0.669668, -0.732272, 0.155708, -0.394812, 0.561049)
bone_name = "mixamorig7_RightHand"
joint_constraints/bias = 0.3
joint_constraints/damping = 1.0
joint_constraints/impulse_clamp = 0.0

[node name="CollisionShape3D" type="CollisionShape3D" parent="man/Skeleton3D/PhysicalBoneSimulator3D/Physical Bone mixamorig7_RightHand"]
transform = Transform3D(1, 0, 0, 0, 0, 1, 0, -1, 0, 0, 0, 0)
shape = SubResource("CapsuleShape3D_nnfo8")

[node name="Physical Bone mixamorig7_LeftUpLeg" type="PhysicalBone3D" parent="man/Skeleton3D/PhysicalBoneSimulator3D"]
transform = Transform3D(-0.91948, 0.375932, -0.115028, 0.136356, 0.579384, 0.803568, 0.368733, 0.72318, -0.583992, 0.0935548, 0.706679, 0.101359)
collision_layer = 4
collision_mask = 5
joint_type = 1
joint_offset = Transform3D(1, 0, 0, 0, 1, 0, 0, 0, 1, -0.00682781, 0.0067019, 0.210841)
body_offset = Transform3D(0.980454, -0.194387, 0.0300799, -0.0190344, -0.245965, -0.969092, 0.195778, 0.949577, -0.244858, 0.00165503, 0.205843, 0.0465989)
bone_name = "mixamorig7_LeftUpLeg"
joint_constraints/bias = 0.3
joint_constraints/damping = 1.0
joint_constraints/impulse_clamp = 0.0

[node name="CollisionShape3D" type="CollisionShape3D" parent="man/Skeleton3D/PhysicalBoneSimulator3D/Physical Bone mixamorig7_LeftUpLeg"]
transform = Transform3D(1, 0, 0, 0, 0, 1, 0, -1, 0, 0, 0, 0)
shape = SubResource("CapsuleShape3D_men70")

[node name="Physical Bone mixamorig7_LeftLeg" type="PhysicalBone3D" parent="man/Skeleton3D/PhysicalBoneSimulator3D"]
transform = Transform3D(-0.830653, 0.550637, 0.0825468, -0.10623, -0.302261, 0.947287, 0.546562, 0.778098, 0.309569, 0.113644, 0.276289, 0.157998)
collision_layer = 4
collision_mask = 5
joint_type = 1
joint_offset = Transform3D(1, 0, 0, 0, 1, 0, 0, 0, 1, -0.0181386, -0.0951973, 0.20349)
body_offset = Transform3D(0.970639, -0.235309, 0.0496961, 0.0394233, -0.0481713, -0.998056, 0.237249, 0.970719, -0.0374905, -0.0149074, 0.199224, 0.104342)
bone_name = "mixamorig7_LeftLeg"
joint_constraints/bias = 0.3
joint_constraints/damping = 1.0
joint_constraints/impulse_clamp = 0.0

[node name="CollisionShape3D" type="CollisionShape3D" parent="man/Skeleton3D/PhysicalBoneSimulator3D/Physical Bone mixamorig7_LeftLeg"]
transform = Transform3D(1, 0, 0, 0, 0, 1, 0, -1, 0, 0, 0, 0)
shape = SubResource("CapsuleShape3D_au3at")

[node name="Physical Bone mixamorig7_LeftFoot" type="PhysicalBone3D" parent="man/Skeleton3D/PhysicalBoneSimulator3D"]
transform = Transform3D(-0.752158, 0.277322, -0.597788, -0.0789781, 0.862663, 0.499574, 0.654233, 0.422971, -0.626957, 0.155448, 0.0636065, 0.153785)
collision_layer = 4
collision_mask = 5
joint_type = 1
joint_offset = Transform3D(1, 0, 0, 0, 1, 0, 0, 0, 1, -0.0120408, -0.0615229, 0.190544)
body_offset = Transform3D(0.970958, -0.121545, 0.206031, 0.208827, 0.0105565, -0.977891, 0.116679, 0.992524, 0.0356406, -0.0350446, 0.189495, 0.0556768)
bone_name = "mixamorig7_LeftFoot"
joint_constraints/bias = 0.3
joint_constraints/damping = 1.0
joint_constraints/impulse_clamp = 0.0

[node name="CollisionShape3D" type="CollisionShape3D" parent="man/Skeleton3D/PhysicalBoneSimulator3D/Physical Bone mixamorig7_LeftFoot"]
transform = Transform3D(1, 0, 0, 0, 0, 1, 0, -1, 0, 0, 0, 0)
shape = SubResource("CapsuleShape3D_wc11i")

[node name="Physical Bone mixamorig7_LeftToeBase" type="PhysicalBone3D" parent="man/Skeleton3D/PhysicalBoneSimulator3D"]
transform = Transform3D(-0.723044, -0.131264, -0.678216, 0.0323849, 0.974261, -0.223086, 0.690043, -0.183265, -0.700182, 0.235188, 0.0294852, 0.236923)
collision_layer = 4
collision_mask = 5
joint_type = 1
joint_offset = Transform3D(1, 0, 0, 0, 1, 0, 0, 0, 1, 0.0211865, 0.0183804, 0.152616)
body_offset = Transform3D(0.970922, 0.0335957, 0.236987, 0.238966, -0.079517, -0.967757, -0.0136719, 0.996267, -0.0852316, -0.0573559, 0.144094, -0.00501442)
bone_name = "mixamorig7_LeftToeBase"
joint_constraints/bias = 0.3
joint_constraints/damping = 1.0
joint_constraints/impulse_clamp = 0.0

[node name="CollisionShape3D" type="CollisionShape3D" parent="man/Skeleton3D/PhysicalBoneSimulator3D/Physical Bone mixamorig7_LeftToeBase"]
transform = Transform3D(1, 0, 0, 0, 0, 1, 0, -1, 0, 0, 0, 0)
shape = SubResource("CapsuleShape3D_gldu6")

[node name="Physical Bone mixamorig7_RightUpLeg" type="PhysicalBone3D" parent="man/Skeleton3D/PhysicalBoneSimulator3D"]
transform = Transform3D(-0.904838, -0.425533, 0.0137899, -0.143691, 0.335707, 0.930942, -0.400776, 0.84037, -0.364906, -0.100828, 0.666164, 0.0510581)
collision_layer = 4
collision_mask = 5
joint_type = 1
joint_offset = Transform3D(1, 0, 0, 0, 1, 0, 0, 0, 1, -0.011403, 0.0173491, 0.204084)
body_offset = Transform3D(0.959032, 0.272218, 0.0783278, 0.0990623, -0.0632543, -0.993069, -0.265377, 0.960144, -0.0876293, -0.00977232, 0.204896, -0.00180006)
bone_name = "mixamorig7_RightUpLeg"
joint_constraints/bias = 0.3
joint_constraints/damping = 1.0
joint_constraints/impulse_clamp = 0.0

[node name="CollisionShape3D" type="CollisionShape3D" parent="man/Skeleton3D/PhysicalBoneSimulator3D/Physical Bone mixamorig7_RightUpLeg"]
transform = Transform3D(1, 0, 0, 0, 0, 1, 0, -1, 0, 0, 0, 0)
shape = SubResource("CapsuleShape3D_o2tku")

[node name="Physical Bone mixamorig7_RightLeg" type="PhysicalBone3D" parent="man/Skeleton3D/PhysicalBoneSimulator3D"]
transform = Transform3D(-0.8456, -0.458027, -0.274176, 0.502754, -0.855973, -0.120616, -0.179442, -0.239836, 0.954086, -0.0450833, 0.47643, -0.0886037)
collision_layer = 4
collision_mask = 5
joint_type = 1
joint_offset = Transform3D(1, 0, 0, 0, 1, 0, 0, 0, 1, 0.0303364, -0.00357643, 0.209179)
body_offset = Transform3D(0.904004, 0.419586, 0.0818784, 0.0552944, 0.0751563, -0.995629, -0.423914, 0.904595, 0.0447483, -0.0430509, 0.206856, 0.00673485)
bone_name = "mixamorig7_RightLeg"
joint_constraints/bias = 0.3
joint_constraints/damping = 1.0
joint_constraints/impulse_clamp = 0.0

[node name="CollisionShape3D" type="CollisionShape3D" parent="man/Skeleton3D/PhysicalBoneSimulator3D/Physical Bone mixamorig7_RightLeg"]
transform = Transform3D(1, 0, 0, 0, 0, 1, 0, -1, 0, 0, 0, 0)
shape = SubResource("CapsuleShape3D_ih6uv")

[node name="Physical Bone mixamorig7_RightFoot" type="PhysicalBone3D" parent="man/Skeleton3D/PhysicalBoneSimulator3D"]
transform = Transform3D(-0.89152, -0.39617, 0.21964, 0.437815, -0.87802, 0.19339, 0.116233, 0.268573, 0.956221, -0.00890979, 0.483868, -0.371429)
collision_layer = 4
collision_mask = 5
joint_type = 1
joint_offset = Transform3D(1, 0, 0, 0, 1, 0, 0, 0, 1, 0.0499126, 0.0145723, 0.0602758)
body_offset = Transform3D(0.892774, 0.244042, -0.378654, -0.387304, -0.0134605, -0.921843, -0.230072, 0.96967, 0.0825025, -0.0252932, 0.0750924, -0.00761974)
bone_name = "mixamorig7_RightFoot"
joint_constraints/bias = 0.3
joint_constraints/damping = 1.0
joint_constraints/impulse_clamp = 0.0

[node name="CollisionShape3D" type="CollisionShape3D" parent="man/Skeleton3D/PhysicalBoneSimulator3D/Physical Bone mixamorig7_RightFoot"]
transform = Transform3D(1, 0, 0, 0, 0, 1, 0, -1, 0, 0, 0, 0)
shape = SubResource("CapsuleShape3D_bxyuc")

[node name="Physical Bone mixamorig7_RightToeBase" type="PhysicalBone3D" parent="man/Skeleton3D/PhysicalBoneSimulator3D"]
transform = Transform3D(-0.868682, -0.195737, 0.455059, 0.478232, -0.570911, 0.667349, 0.129173, 0.797338, 0.589548, -0.0460958, 0.440218, -0.477118)
collision_layer = 4
collision_mask = 5
joint_type = 1
joint_offset = Transform3D(1, 0, 0, 0, 1, 0, 0, 0, 1, -0.0215795, -0.00420392, 0.0166221)
body_offset = Transform3D(0.892369, -0.0771726, -0.444638, -0.450748, -0.104223, -0.886538, 0.0220689, 0.991551, -0.1278, 0.0263233, 0.00457108, 0.00676894)
bone_name = "mixamorig7_RightToeBase"
joint_constraints/bias = 0.3
joint_constraints/damping = 1.0
joint_constraints/impulse_clamp = 0.0

[node name="CollisionShape3D" type="CollisionShape3D" parent="man/Skeleton3D/PhysicalBoneSimulator3D/Physical Bone mixamorig7_RightToeBase"]
transform = Transform3D(1, 0, 0, 0, 0, 1, 0, -1, 0, 0, 0, 0)
shape = SubResource("CapsuleShape3D_c423f")

[node name="MeshInstance3D" type="MeshInstance3D" parent="man"]
transform = Transform3D(1, 0, 0, 0, 1, 0, 0, 0, 1, 0, 0.498405, 0.803459)
material_override = SubResource("StandardMaterial3D_4n60b")
mesh = SubResource("BoxMesh_r2sqw")
skeleton = NodePath("../..")

[node name="Kill" type="Area3D" parent="man"]
transform = Transform3D(1, 0, 0, 0, 1, 0, 0, 0, 1, 0, 0.479671, 0.78516)
collision_layer = 0
collision_mask = 2

[node name="CollisionShape3D" type="CollisionShape3D" parent="man/Kill"]
shape = SubResource("BoxShape3D_hjwg7")
disabled = true

[node name="CollisionShape3D" type="CollisionShape3D" parent="."]
transform = Transform3D(1, 0, 0, 0, 1, -0.00020944, 0, 0.00020944, 1, 0, 0.890821, 0)
shape = SubResource("CapsuleShape3D_1eoi7")

[node name="Aggro" type="Area3D" parent="."]
collision_layer = 0
collision_mask = 2

[node name="CollisionShape3D" type="CollisionShape3D" parent="Aggro"]
transform = Transform3D(1, 0, 0, 0, 1, 0, 0, 0, 1, 0, 1.169, 3.23064)
shape = SubResource("BoxShape3D_26xuq")

[node name="AnimationTree" type="AnimationTree" parent="."]
root_node = NodePath("../man")
tree_root = SubResource("AnimationNodeStateMachine_2kua6")
anim_player = NodePath("../man/AnimationPlayer")
parameters/conditions/idle = false
parameters/conditions/kick = false
parameters/conditions/run = true
parameters/conditions/walk = false

[connection signal="body_entered" from="man/Kill" to="." method="_on_kill_body_entered"]
[connection signal="body_entered" from="Aggro" to="." method="_on_area_3d_body_entered"]

[editable path="man"]
