[gd_scene load_steps=48 format=3 uid="uid://duf4oy5m5lkvx"]

[ext_resource type="Script" path="res://man.gd" id="1_oi3tw"]
[ext_resource type="PackedScene" uid="uid://btgpmaa5beg26" path="res://man.glb" id="2_hf81u"]

[sub_resource type="CapsuleShape3D" id="CapsuleShape3D_w1mi0"]
radius = 0.0996024
height = 0.996024

[sub_resource type="CapsuleShape3D" id="CapsuleShape3D_nhv7j"]
radius = 0.00975774
height = 0.0975774

[sub_resource type="CapsuleShape3D" id="CapsuleShape3D_skwjo"]
radius = 0.011384
height = 0.11384

[sub_resource type="CapsuleShape3D" id="CapsuleShape3D_u7i6w"]
radius = 0.0130103
height = 0.130103

[sub_resource type="CapsuleShape3D" id="CapsuleShape3D_06ry7"]
radius = 0.0146366
height = 0.146366

[sub_resource type="CapsuleShape3D" id="CapsuleShape3D_10ckf"]
radius = 0.00722172
height = 0.0722172

[sub_resource type="CapsuleShape3D" id="CapsuleShape3D_adbse"]
radius = 0.0237001
height = 0.237001

[sub_resource type="CapsuleShape3D" id="CapsuleShape3D_6ykku"]
radius = 0.0140161
height = 0.140161

[sub_resource type="CapsuleShape3D" id="CapsuleShape3D_wq1ui"]
radius = 0.0273303
height = 0.273303

[sub_resource type="CapsuleShape3D" id="CapsuleShape3D_8xo1o"]
radius = 0.0208888
height = 0.208888

[sub_resource type="CapsuleShape3D" id="CapsuleShape3D_hd38g"]
radius = 0.00491702
height = 0.0491702

[sub_resource type="CapsuleShape3D" id="CapsuleShape3D_x0tio"]
radius = 0.0140161
height = 0.140161

[sub_resource type="CapsuleShape3D" id="CapsuleShape3D_w2pao"]
radius = 0.0273183
height = 0.273183

[sub_resource type="CapsuleShape3D" id="CapsuleShape3D_eik48"]
radius = 0.0208898
height = 0.208898

[sub_resource type="CapsuleShape3D" id="CapsuleShape3D_nnfo8"]
radius = 0.00508167
height = 0.0508167

[sub_resource type="CapsuleShape3D" id="CapsuleShape3D_men70"]
radius = 0.0410574
height = 0.410574

[sub_resource type="CapsuleShape3D" id="CapsuleShape3D_au3at"]
radius = 0.042037
height = 0.42037

[sub_resource type="CapsuleShape3D" id="CapsuleShape3D_wc11i"]
radius = 0.0186813
height = 0.186813

[sub_resource type="CapsuleShape3D" id="CapsuleShape3D_gldu6"]
radius = 0.00707822
height = 0.0707822

[sub_resource type="CapsuleShape3D" id="CapsuleShape3D_o2tku"]
radius = 0.0410543
height = 0.410543

[sub_resource type="CapsuleShape3D" id="CapsuleShape3D_ih6uv"]
radius = 0.0419747
height = 0.419747

[sub_resource type="CapsuleShape3D" id="CapsuleShape3D_bxyuc"]
radius = 0.0182104
height = 0.182104

[sub_resource type="StandardMaterial3D" id="StandardMaterial3D_4n60b"]
transparency = 1
albedo_color = Color(1, 0, 0, 0.113725)

[sub_resource type="BoxMesh" id="BoxMesh_r2sqw"]

[sub_resource type="BoxShape3D" id="BoxShape3D_hjwg7"]

[sub_resource type="CapsuleShape3D" id="CapsuleShape3D_1eoi7"]
radius = 0.25
height = 1.76

[sub_resource type="BoxShape3D" id="BoxShape3D_26xuq"]
size = Vector3(2.347, 1.54, 6.064)

[sub_resource type="AnimationNodeAnimation" id="AnimationNodeAnimation_awfq6"]
animation = &"Idle"

[sub_resource type="AnimationNodeAnimation" id="AnimationNodeAnimation_at11m"]
animation = &"Kick"

[sub_resource type="AnimationNodeAnimation" id="AnimationNodeAnimation_jxy5d"]
animation = &"Running"

[sub_resource type="AnimationNodeAnimation" id="AnimationNodeAnimation_n65it"]
animation = &"Walking"

[sub_resource type="AnimationNodeStateMachineTransition" id="AnimationNodeStateMachineTransition_8i437"]
advance_mode = 2

[sub_resource type="AnimationNodeStateMachineTransition" id="AnimationNodeStateMachineTransition_15hsw"]
xfade_time = 0.2
priority = 0
advance_mode = 2
advance_condition = &"kick"

[sub_resource type="AnimationNodeStateMachineTransition" id="AnimationNodeStateMachineTransition_5ddsr"]
xfade_time = 0.5
switch_mode = 2
advance_mode = 2
advance_condition = &"idle"

[sub_resource type="AnimationNodeStateMachineTransition" id="AnimationNodeStateMachineTransition_l357m"]
xfade_time = 0.5
switch_mode = 2
advance_mode = 2
advance_condition = &"run"

[sub_resource type="AnimationNodeStateMachineTransition" id="AnimationNodeStateMachineTransition_8lgja"]
xfade_time = 0.2
priority = 0
advance_mode = 2
advance_condition = &"kick"

[sub_resource type="AnimationNodeStateMachineTransition" id="AnimationNodeStateMachineTransition_h4tcl"]
xfade_time = 0.5
advance_mode = 2
advance_condition = &"walk"

[sub_resource type="AnimationNodeStateMachineTransition" id="AnimationNodeStateMachineTransition_fpc3h"]
xfade_time = 0.5
advance_mode = 2
advance_condition = &"idle"

[sub_resource type="AnimationNodeStateMachineTransition" id="AnimationNodeStateMachineTransition_nkyap"]
xfade_time = 0.5
advance_mode = 2
advance_condition = &"run"

[sub_resource type="AnimationNodeStateMachineTransition" id="AnimationNodeStateMachineTransition_mi8rx"]
xfade_time = 0.5
advance_mode = 2
advance_condition = &"idle"

[sub_resource type="AnimationNodeStateMachineTransition" id="AnimationNodeStateMachineTransition_caf7y"]
xfade_time = 0.5
advance_mode = 2
advance_condition = &"run"

[sub_resource type="AnimationNodeStateMachineTransition" id="AnimationNodeStateMachineTransition_ymjiw"]
xfade_time = 0.5
advance_mode = 2
advance_condition = &"walk"

[sub_resource type="AnimationNodeStateMachineTransition" id="AnimationNodeStateMachineTransition_tsdvo"]
xfade_time = 0.2
priority = 0
advance_mode = 2
advance_condition = &"kick"

[sub_resource type="AnimationNodeStateMachineTransition" id="AnimationNodeStateMachineTransition_g2oew"]
xfade_time = 0.5
switch_mode = 2
advance_mode = 2
advance_condition = &"walk"

[sub_resource type="AnimationNodeStateMachine" id="AnimationNodeStateMachine_2kua6"]
states/Idle/node = SubResource("AnimationNodeAnimation_awfq6")
states/Idle/position = Vector2(332, -42)
states/Kick/node = SubResource("AnimationNodeAnimation_at11m")
states/Kick/position = Vector2(395.5, 256.5)
states/Running/node = SubResource("AnimationNodeAnimation_jxy5d")
states/Running/position = Vector2(742, 56)
states/Start/position = Vector2(102, 93.25)
states/Walking/node = SubResource("AnimationNodeAnimation_n65it")
states/Walking/position = Vector2(462, 116)
transitions = ["Start", "Idle", SubResource("AnimationNodeStateMachineTransition_8i437"), "Idle", "Kick", SubResource("AnimationNodeStateMachineTransition_15hsw"), "Kick", "Idle", SubResource("AnimationNodeStateMachineTransition_5ddsr"), "Kick", "Running", SubResource("AnimationNodeStateMachineTransition_l357m"), "Running", "Kick", SubResource("AnimationNodeStateMachineTransition_8lgja"), "Idle", "Walking", SubResource("AnimationNodeStateMachineTransition_h4tcl"), "Walking", "Idle", SubResource("AnimationNodeStateMachineTransition_fpc3h"), "Idle", "Running", SubResource("AnimationNodeStateMachineTransition_nkyap"), "Running", "Idle", SubResource("AnimationNodeStateMachineTransition_mi8rx"), "Walking", "Running", SubResource("AnimationNodeStateMachineTransition_caf7y"), "Running", "Walking", SubResource("AnimationNodeStateMachineTransition_ymjiw"), "Walking", "Kick", SubResource("AnimationNodeStateMachineTransition_tsdvo"), "Kick", "Walking", SubResource("AnimationNodeStateMachineTransition_g2oew")]
graph_offset = Vector2(-130, -14)

[node name="Man" type="CharacterBody3D" groups=["killable"]]
collision_layer = 2
script = ExtResource("1_oi3tw")

[node name="man" parent="." instance=ExtResource("2_hf81u")]

[node name="Skeleton3D" parent="man" index="0"]
bones/1/position = Vector3(-0.00584574, 0.00990427, -0.897495)
bones/1/rotation = Quaternion(-0.577649, 0.0507887, 0.108659, 0.807426)
bones/2/rotation = Quaternion(-0.001511, 0.115052, -0.107607, 0.987513)
bones/3/rotation = Quaternion(0.0375976, 0.0396985, -0.0141774, 0.998404)
bones/4/rotation = Quaternion(0.0379601, 0.0400869, -0.0113125, 0.998411)
bones/5/rotation = Quaternion(0.05664, -0.0232527, -0.0184751, 0.997953)
bones/6/rotation = Quaternion(-0.000129191, -0.0250327, -0.0164632, 0.999551)
bones/8/rotation = Quaternion(-0.64831, -0.368931, 0.452188, -0.488989)
bones/8/scale = Vector3(1, 1, 1)
bones/9/rotation = Quaternion(0.342355, 0.463839, -0.261497, 0.774123)
bones/9/scale = Vector3(1, 1, 1)
bones/10/rotation = Quaternion(0.0243466, 0.0251424, 0.595527, 0.802573)
bones/11/rotation = Quaternion(0.0923599, -0.276376, -0.00671928, 0.956578)
bones/11/scale = Vector3(1, 1, 1)
bones/12/rotation = Quaternion(0.0760237, 0.0311061, 0.255642, 0.963276)
bones/12/scale = Vector3(1, 1, 1)
bones/13/rotation = Quaternion(0.0747508, 0.0410666, -0.223566, 0.97095)
bones/14/rotation = Quaternion(-0.264812, -0.0651784, -0.106289, 0.956206)
bones/16/rotation = Quaternion(0.674882, 0.0180966, -0.0233436, 0.737335)
bones/17/rotation = Quaternion(0.554503, 0.00683157, -0.058916, 0.830066)
bones/18/rotation = Quaternion(0.370352, -0.00249131, -0.0491235, 0.927588)
bones/18/scale = Vector3(1, 1, 1)
bones/20/rotation = Quaternion(0.686247, -0.0331397, -0.0858023, 0.721529)
bones/20/scale = Vector3(1, 1, 1)
bones/21/rotation = Quaternion(0.560604, 0.00632236, -0.0593974, 0.825927)
bones/22/rotation = Quaternion(0.389971, -0.000635174, -0.0494183, 0.9195)
bones/22/scale = Vector3(1, 1, 1)
bones/24/rotation = Quaternion(0.728168, -0.0383424, -0.112052, 0.675089)
bones/24/scale = Vector3(1, 1, 1)
bones/25/rotation = Quaternion(0.52096, 0.00298385, -0.0660718, 0.851015)
bones/25/scale = Vector3(1, 1, 1)
bones/26/rotation = Quaternion(0.312529, -0.00719646, -0.0524609, 0.948431)
bones/26/scale = Vector3(1, 1, 1)
bones/28/rotation = Quaternion(0.788355, -0.0688571, -0.212378, 0.573281)
bones/29/rotation = Quaternion(0.578375, 0.00740818, -0.0624877, 0.813341)
bones/30/rotation = Quaternion(0.395514, 0.000368158, -0.0512009, 0.917032)
bones/32/rotation = Quaternion(0.61265, -0.388554, 0.468132, 0.504518)
bones/33/rotation = Quaternion(0.37887, 0.245557, -0.260412, 0.853431)
bones/33/scale = Vector3(1, 1, 1)
bones/34/rotation = Quaternion(0.0695054, -0.0390812, -0.848714, 0.522806)
bones/35/rotation = Quaternion(-0.0569271, 0.142299, -0.360514, 0.920076)
bones/35/scale = Vector3(1, 1, 1)
bones/36/rotation = Quaternion(0.0649806, -0.0368388, -0.294006, 0.95288)
bones/37/rotation = Quaternion(0.044285, -0.0347334, 0.241387, 0.968796)
bones/38/rotation = Quaternion(-0.144805, 0.0410438, 0.0970422, 0.983834)
bones/40/rotation = Quaternion(0.678156, -0.00973842, 0.0324766, 0.734135)
bones/40/scale = Vector3(1, 1, 1)
bones/41/rotation = Quaternion(0.543237, -0.00323771, 0.0501506, 0.838074)
bones/41/scale = Vector3(1, 1, 1)
bones/42/rotation = Quaternion(0.455935, -0.00512224, 0.0417525, 0.889018)
bones/44/rotation = Quaternion(0.67332, 0.0383037, 0.0759329, 0.734443)
bones/45/rotation = Quaternion(0.575874, -0.00702741, 0.0498113, 0.815989)
bones/46/rotation = Quaternion(0.382475, 0.000802187, 0.0415482, 0.923031)
bones/47/rotation = Quaternion(3.14321e-09, -6.98492e-10, 4.1359e-25, 1)
bones/48/rotation = Quaternion(0.738696, 0.0213817, 0.124351, 0.662124)
bones/48/scale = Vector3(1, 1, 1)
bones/49/rotation = Quaternion(0.538925, -0.00343925, 0.0555587, 0.840512)
bones/50/rotation = Quaternion(0.371562, 0.00185662, 0.0444024, 0.927344)
bones/50/scale = Vector3(1, 1, 1)
bones/52/rotation = Quaternion(0.755841, 0.0522654, 0.213772, 0.616663)
bones/53/rotation = Quaternion(0.566335, -0.00651809, 0.0559698, 0.822247)
bones/54/rotation = Quaternion(0.335396, 0.00487853, 0.0455363, 0.940964)
bones/56/rotation = Quaternion(-0.0219701, 0.671027, 0.738419, 0.0630687)
bones/56/scale = Vector3(1.00001, 1, 1.00001)
bones/57/rotation = Quaternion(-0.62468, -0.0689422, 0.0429877, 0.776643)
bones/58/rotation = Quaternion(0.390885, -0.0551659, 0.0418961, 0.917829)
bones/59/rotation = Quaternion(0.248178, -0.0394731, 0.0141492, 0.967807)
bones/61/rotation = Quaternion(-0.135797, -0.108087, 0.974572, 0.141723)
bones/61/scale = Vector3(1.00001, 1, 1.00001)
bones/62/rotation = Quaternion(-0.141513, 0.027805, 0.00597058, 0.989528)
bones/63/rotation = Quaternion(0.399267, -0.0105215, 0.00359863, 0.916768)
bones/64/rotation = Quaternion(0.554352, 0.0843486, -0.0113763, 0.827919)
bones/64/scale = Vector3(1, 1, 1)

[node name="PhysicalBoneSimulator3D" type="PhysicalBoneSimulator3D" parent="man/Skeleton3D" index="9"]
active = false

[node name="Physical Bone Armature" type="PhysicalBone3D" parent="man/Skeleton3D/PhysicalBoneSimulator3D"]
transform = Transform3D(1, 0, 0, 0, -0.0257093, -0.999669, 0, 0.999669, -0.0257093, 0, 0.497847, 0.0128035)
collision_layer = 4
collision_mask = 5
joint_offset = Transform3D(1, 0, 0, 0, 1, 0, 0, 0, 1, 0, 3.53903e-08, 0.498012)
body_offset = Transform3D(1, 0, 0, 0, 0.999669, -0.0257093, 0, 0.0257093, 0.999669, 0, 0.0128035, -0.497847)
bone_name = "Armature"

[node name="CollisionShape3D" type="CollisionShape3D" parent="man/Skeleton3D/PhysicalBoneSimulator3D/Physical Bone Armature"]
transform = Transform3D(1, 0, 0, 0, 0, 1, 0, -1, 0, 0, 0, 0)
shape = SubResource("CapsuleShape3D_w1mi0")

[node name="Physical Bone mixamorig7_Hips" type="PhysicalBone3D" parent="man/Skeleton3D/PhysicalBoneSimulator3D"]
transform = Transform3D(0.997315, -0.0542175, 0.0492264, 0.0408904, -0.145365, -0.988533, 0.0607515, 0.987891, -0.142758, -0.0231164, 0.977819, 0.0117752)
collision_layer = 4
collision_mask = 5
joint_type = 1
joint_offset = Transform3D(1, 0, 0, 0, 1, 0, 0, 0, 1, 0.00570284, 0.0155631, 0.0481507)
body_offset = Transform3D(0.994934, -0.0803276, -0.0604544, -0.0446843, 0.185337, -0.981659, 0.0900587, 0.979386, 0.180809, -0.00151287, 0.044638, -0.024462)
bone_name = "mixamorig7_Hips"
joint_constraints/bias = 0.3
joint_constraints/damping = 1.0
joint_constraints/impulse_clamp = 0.0

[node name="CollisionShape3D" type="CollisionShape3D" parent="man/Skeleton3D/PhysicalBoneSimulator3D/Physical Bone mixamorig7_Hips"]
transform = Transform3D(1, 0, 0, 0, 0, 1, 0, -1, 0, 0, 0, 0)
shape = SubResource("CapsuleShape3D_nhv7j")

[node name="Physical Bone mixamorig7_Spine" type="PhysicalBone3D" parent="man/Skeleton3D/PhysicalBoneSimulator3D"]
transform = Transform3D(0.986987, 0.15811, -0.0292984, 0.0161403, -0.278691, -0.960245, -0.159989, 0.947276, -0.277617, -0.0282104, 1.08264, 0.0351522)
collision_layer = 4
collision_mask = 5
joint_type = 1
joint_offset = Transform3D(1, 0, 0, 0, 1, 0, 0, 0, 1, -0.000128658, 0.0226241, 0.055546)
body_offset = Transform3D(0.998293, -0.0581522, -0.00543729, -0.00419386, 0.0214829, -0.99976, 0.0582551, 0.998076, 0.0212024, 0.0017461, 0.0550461, -0.0237508)
bone_name = "mixamorig7_Spine"
joint_constraints/bias = 0.3
joint_constraints/damping = 1.0
joint_constraints/impulse_clamp = 0.0

[node name="CollisionShape3D" type="CollisionShape3D" parent="man/Skeleton3D/PhysicalBoneSimulator3D/Physical Bone mixamorig7_Spine"]
transform = Transform3D(1, 0, 0, 0, 0, 1, 0, -1, 0, 0, 0, 0)
shape = SubResource("CapsuleShape3D_skwjo")

[node name="Physical Bone mixamorig7_Spine1" type="PhysicalBone3D" parent="man/Skeleton3D/PhysicalBoneSimulator3D"]
transform = Transform3D(0.975315, 0.216231, -0.0447827, 0.0352401, -0.352617, -0.935104, -0.217989, 0.910443, -0.351532, -0.02507, 1.19957, 0.0744561)
collision_layer = 4
collision_mask = 5
joint_type = 1
joint_offset = Transform3D(1, 0, 0, 0, 1, 0, 0, 0, 1, -0.000666953, 0.0250375, 0.0632194)
body_offset = Transform3D(0.998249, -0.0536922, 0.0248167, 0.0250095, 0.00292078, -0.999683, 0.0536027, 0.998553, 0.00425851, 0.000441203, 0.0631429, -0.0252347)
bone_name = "mixamorig7_Spine1"
joint_constraints/bias = 0.3
joint_constraints/damping = 1.0
joint_constraints/impulse_clamp = 0.0

[node name="CollisionShape3D" type="CollisionShape3D" parent="man/Skeleton3D/PhysicalBoneSimulator3D/Physical Bone mixamorig7_Spine1"]
transform = Transform3D(1, 0, 0, 0, 0, 1, 0, -1, 0, 0, 0, 0)
shape = SubResource("CapsuleShape3D_u7i6w")

[node name="Physical Bone mixamorig7_Spine2" type="PhysicalBone3D" parent="man/Skeleton3D/PhysicalBoneSimulator3D"]
transform = Transform3D(0.960501, 0.270928, -0.0635304, 0.0597298, -0.423697, -0.903832, -0.271791, 0.864337, -0.423144, -0.0188574, 1.328, 0.129323)
collision_layer = 4
collision_mask = 5
joint_type = 1
joint_offset = Transform3D(1, 0, 0, 0, 1, 0, 0, 0, 1, 0.00253192, 0.0253943, 0.0710228)
body_offset = Transform3D(0.99731, -0.0485669, 0.0549099, 0.0542708, -0.0143827, -0.998423, 0.04928, 0.998716, -0.0117081, -0.00519164, 0.0711386, -0.0246549)
bone_name = "mixamorig7_Spine2"
joint_constraints/bias = 0.3
joint_constraints/damping = 1.0
joint_constraints/impulse_clamp = 0.0

[node name="CollisionShape3D" type="CollisionShape3D" parent="man/Skeleton3D/PhysicalBoneSimulator3D/Physical Bone mixamorig7_Spine2"]
transform = Transform3D(1, 0, 0, 0, 0, 1, 0, -1, 0, 0, 0, 0)
shape = SubResource("CapsuleShape3D_06ry7")

[node name="Physical Bone mixamorig7_Neck" type="PhysicalBone3D" parent="man/Skeleton3D/PhysicalBoneSimulator3D"]
transform = Transform3D(-0.973893, -0.161311, -0.159721, -0.0373274, 0.807813, -0.588256, 0.223917, -0.566937, -0.792745, -0.00745157, 1.41613, 0.188369)
collision_layer = 4
collision_mask = 5
joint_type = 1
joint_offset = Transform3D(1, 0, 0, 0, 1, 0, 0, 0, 1, -0.0106176, -0.0197238, 0.0236962)
body_offset = Transform3D(-0.99645, 0.017646, 0.0823166, -0.0697935, 0.373627, -0.92495, -0.0470773, -0.927411, -0.371069, -0.0121825, 0.0285461, -0.00999898)
bone_name = "mixamorig7_Neck"
joint_constraints/bias = 0.3
joint_constraints/damping = 1.0
joint_constraints/impulse_clamp = 0.0

[node name="CollisionShape3D" type="CollisionShape3D" parent="man/Skeleton3D/PhysicalBoneSimulator3D/Physical Bone mixamorig7_Neck"]
transform = Transform3D(1, 0, 0, 0, 0, 1, 0, -1, 0, 0, 0, 0)
shape = SubResource("CapsuleShape3D_10ckf")

[node name="Physical Bone mixamorig7_Head" type="PhysicalBone3D" parent="man/Skeleton3D/PhysicalBoneSimulator3D"]
transform = Transform3D(-0.984694, -0.0979986, -0.144136, -0.0136008, 0.867644, -0.496999, 0.173764, -0.487432, -0.855697, 0.0160051, 1.49705, 0.317638)
collision_layer = 4
collision_mask = 5
joint_type = 1
joint_offset = Transform3D(1, 0, 0, 0, 1, 0, 0, 0, 1, -0.0165539, -0.011036, 0.105858)
body_offset = Transform3D(-0.995375, 0.0104463, 0.0954959, -0.0802372, 0.456231, -0.886237, -0.0528261, -0.8898, -0.453282, -0.0264711, 0.0975218, 0.0372891)
bone_name = "mixamorig7_Head"
joint_constraints/bias = 0.3
joint_constraints/damping = 1.0
joint_constraints/impulse_clamp = 0.0

[node name="CollisionShape3D" type="CollisionShape3D" parent="man/Skeleton3D/PhysicalBoneSimulator3D/Physical Bone mixamorig7_Head"]
transform = Transform3D(1, 0, 0, 0, 0, 1, 0, -1, 0, 0, 0, 0)
shape = SubResource("CapsuleShape3D_adbse")

[node name="Physical Bone mixamorig7_LeftShoulder" type="PhysicalBone3D" parent="man/Skeleton3D/PhysicalBoneSimulator3D"]
transform = Transform3D(0.238063, -0.613983, -0.752563, 0.38477, -0.651824, 0.653511, -0.891784, -0.44514, 0.081067, 0.106626, 1.33926, 0.125053)
collision_layer = 4
collision_mask = 5
joint_type = 1
joint_offset = Transform3D(1, 0, 0, 0, 1, 0, 0, 0, 1, -0.0174848, -0.00535156, 0.0571757)
body_offset = Transform3D(0.949601, 0.17566, 0.259616, 0.286823, -0.152818, -0.945716, -0.126451, 0.972518, -0.1955, 0.00269991, 0.0582692, 0.0141714)
bone_name = "mixamorig7_LeftShoulder"
joint_constraints/bias = 0.3
joint_constraints/damping = 1.0
joint_constraints/impulse_clamp = 0.0

[node name="CollisionShape3D" type="CollisionShape3D" parent="man/Skeleton3D/PhysicalBoneSimulator3D/Physical Bone mixamorig7_LeftShoulder"]
transform = Transform3D(1, 0, 0, 0, 0, 1, 0, -1, 0, 0, 0, 0)
shape = SubResource("CapsuleShape3D_6ykku")

[node name="Physical Bone mixamorig7_LeftArm" type="PhysicalBone3D" parent="man/Skeleton3D/PhysicalBoneSimulator3D"]
transform = Transform3D(0.398905, -0.341828, 0.850899, 0.527181, 0.844736, 0.0922073, -0.750303, 0.411795, 0.517174, 0.0380515, 1.29614, 0.0558162)
collision_layer = 4
collision_mask = 5
joint_type = 1
joint_offset = Transform3D(1, 0, 0, 0, 1, 0, 0, 0, 1, 0.0281616, -0.0108023, 0.155387)
body_offset = Transform3D(0.790949, 0.610357, -0.0431815, 0.592636, -0.78172, -0.194155, -0.15226, 0.127976, -0.98002, -0.00897121, 0.00503534, 0.157953)
bone_name = "mixamorig7_LeftArm"
joint_constraints/bias = 0.3
joint_constraints/damping = 1.0
joint_constraints/impulse_clamp = 0.0

[node name="CollisionShape3D" type="CollisionShape3D" parent="man/Skeleton3D/PhysicalBoneSimulator3D/Physical Bone mixamorig7_LeftArm"]
transform = Transform3D(1, 0, 0, 0, 0, 1, 0, -1, 0, 0, 0, 0)
shape = SubResource("CapsuleShape3D_wq1ui")

[node name="Physical Bone mixamorig7_LeftForeArm" type="PhysicalBone3D" parent="man/Skeleton3D/PhysicalBoneSimulator3D"]
transform = Transform3D(0.404201, 0.0881186, 0.910416, -0.416008, 0.904153, 0.0971846, -0.814591, -0.418023, 0.402118, -0.0942234, 1.46119, -0.212104)
collision_layer = 4
collision_mask = 5
joint_type = 1
joint_offset = Transform3D(1, 0, 0, 0, 1, 0, 0, 0, 1, 0.182383, -0.224575, 0.349268)
body_offset = Transform3D(0.85349, 0.519447, -0.0415851, 0.514873, -0.852896, -0.0864587, -0.0803784, 0.0523805, -0.995387, -0.0244828, -0.255245, 0.37408)
bone_name = "mixamorig7_LeftForeArm"
joint_constraints/bias = 0.3
joint_constraints/damping = 1.0
joint_constraints/impulse_clamp = 0.0

[node name="CollisionShape3D" type="CollisionShape3D" parent="man/Skeleton3D/PhysicalBoneSimulator3D/Physical Bone mixamorig7_LeftForeArm"]
transform = Transform3D(1, 0, 0, 0, 0, 1, 0, -1, 0, 0, 0, 0)
shape = SubResource("CapsuleShape3D_8xo1o")

[node name="Physical Bone mixamorig7_LeftHand" type="PhysicalBone3D" parent="man/Skeleton3D/PhysicalBoneSimulator3D"]
transform = Transform3D(0.266502, -0.776058, 0.571586, -0.875923, -0.442455, -0.192333, 0.402163, -0.449408, -0.797683, -0.222757, 1.36878, 0.121857)
collision_layer = 4
collision_mask = 5
joint_type = 1
joint_offset = Transform3D(1, 0, 0, 0, 1, 0, 0, 0, 1, 0.343835, -0.117103, 0.57605)
body_offset = Transform3D(-0.416895, 0.632359, 0.652932, 0.903177, 0.369054, 0.21925, -0.102323, 0.681118, -0.724989, -0.158728, -0.393625, 0.532573)
bone_name = "mixamorig7_LeftHand"
joint_constraints/bias = 0.3
joint_constraints/damping = 1.0
joint_constraints/impulse_clamp = 0.0

[node name="CollisionShape3D" type="CollisionShape3D" parent="man/Skeleton3D/PhysicalBoneSimulator3D/Physical Bone mixamorig7_LeftHand"]
transform = Transform3D(1, 0, 0, 0, 0, 1, 0, -1, 0, 0, 0, 0)
shape = SubResource("CapsuleShape3D_hd38g")

[node name="Physical Bone mixamorig7_RightShoulder" type="PhysicalBone3D" parent="man/Skeleton3D/PhysicalBoneSimulator3D"]
transform = Transform3D(0.703337, 0.23155, 0.672088, -0.409609, -0.64071, 0.649393, 0.58098, -0.732036, -0.35579, -0.133857, 1.32902, 0.200458)
collision_layer = 4
collision_mask = 5
joint_type = 1
joint_offset = Transform3D(1, 0, 0, 0, 1, 0, 0, 0, 1, 0.0279672, -0.00350419, 0.0768964)
body_offset = Transform3D(0.981795, -0.132451, -0.136142, -0.172312, -0.319511, -0.931784, 0.079917, 0.93828, -0.336517, -0.0174533, 0.0753503, 0.0269299)
bone_name = "mixamorig7_RightShoulder"
joint_constraints/bias = 0.3
joint_constraints/damping = 1.0
joint_constraints/impulse_clamp = 0.0

[node name="CollisionShape3D" type="CollisionShape3D" parent="man/Skeleton3D/PhysicalBoneSimulator3D/Physical Bone mixamorig7_RightShoulder"]
transform = Transform3D(1, 0, 0, 0, 0, 1, 0, -1, 0, 0, 0, 0)
shape = SubResource("CapsuleShape3D_x0tio")

[node name="Physical Bone mixamorig7_RightArm" type="PhysicalBone3D" parent="man/Skeleton3D/PhysicalBoneSimulator3D"]
transform = Transform3D(0.799689, -0.0815893, -0.594845, 0.460494, 0.719087, 0.520442, 0.385283, -0.690114, 0.612618, -0.0641025, 1.24502, 0.135186)
collision_layer = 4
collision_mask = 5
joint_type = 1
joint_offset = Transform3D(1, 0, 0, 0, 1, 0, 0, 0, 1, -0.00830895, -0.0183781, 0.183577)
body_offset = Transform3D(0.756128, -0.652763, 0.046583, -0.632683, -0.74735, -0.20293, 0.167279, 0.123969, -0.978085, -0.0142655, 0.0182616, 0.183222)
bone_name = "mixamorig7_RightArm"
joint_constraints/bias = 0.3
joint_constraints/damping = 1.0
joint_constraints/impulse_clamp = 0.0

[node name="CollisionShape3D" type="CollisionShape3D" parent="man/Skeleton3D/PhysicalBoneSimulator3D/Physical Bone mixamorig7_RightArm"]
transform = Transform3D(1, 0, 0, 0, 0, 1, 0, -1, 0, 0, 0, 0)
shape = SubResource("CapsuleShape3D_w2pao")

[node name="Physical Bone mixamorig7_RightForeArm" type="PhysicalBone3D" parent="man/Skeleton3D/PhysicalBoneSimulator3D"]
transform = Transform3D(-0.550391, -0.563185, -0.616354, 0.505963, -0.812221, 0.290343, -0.664133, -0.15205, 0.73199, -0.231769, 0.851667, -0.120855)
collision_layer = 4
collision_mask = 5
joint_type = 1
joint_offset = Transform3D(1, 0, 0, 0, 1, 0, 0, 0, 1, -0.148826, -0.219674, 0.390832)
body_offset = Transform3D(0.820633, -0.571137, -0.0190735, -0.571431, -0.819833, -0.0366233, 0.00527957, 0.0409534, -0.999147, 0.00412267, -0.250826, 0.400281)
bone_name = "mixamorig7_RightForeArm"
joint_constraints/bias = 0.3
joint_constraints/damping = 1.0
joint_constraints/impulse_clamp = 0.0

[node name="CollisionShape3D" type="CollisionShape3D" parent="man/Skeleton3D/PhysicalBoneSimulator3D/Physical Bone mixamorig7_RightForeArm"]
transform = Transform3D(1, 0, 0, 0, 0, 1, 0, -1, 0, 0, 0, 0)
shape = SubResource("CapsuleShape3D_eik48")

[node name="Physical Bone mixamorig7_RightHand" type="PhysicalBone3D" parent="man/Skeleton3D/PhysicalBoneSimulator3D"]
transform = Transform3D(0.287097, 0.957896, 0.00323997, -0.944935, 0.282654, 0.164941, 0.15708, -0.0504155, 0.986298, 0.048506, 0.815994, -0.206727)
collision_layer = 4
collision_mask = 5
joint_type = 1
joint_offset = Transform3D(1, 0, 0, 0, 1, 0, 0, 0, 1, -0.25847, -0.0799317, 0.649386)
body_offset = Transform3D(-0.661508, -0.494366, -0.563923, -0.739652, 0.554209, 0.381796, 0.123784, 0.669668, -0.732272, 0.155708, -0.394812, 0.561049)
bone_name = "mixamorig7_RightHand"
joint_constraints/bias = 0.3
joint_constraints/damping = 1.0
joint_constraints/impulse_clamp = 0.0

[node name="CollisionShape3D" type="CollisionShape3D" parent="man/Skeleton3D/PhysicalBoneSimulator3D/Physical Bone mixamorig7_RightHand"]
transform = Transform3D(1, 0, 0, 0, 0, 1, 0, -1, 0, 0, 0, 0)
shape = SubResource("CapsuleShape3D_nnfo8")

[node name="Physical Bone mixamorig7_LeftUpLeg" type="PhysicalBone3D" parent="man/Skeleton3D/PhysicalBoneSimulator3D"]
transform = Transform3D(-0.982005, 0.188826, -0.00318986, 0.158917, 0.835351, 0.526246, 0.102033, 0.516269, -0.850326, 0.0688564, 0.773137, 0.174741)
collision_layer = 4
collision_mask = 5
joint_type = 1
joint_offset = Transform3D(1, 0, 0, 0, 1, 0, 0, 0, 1, -0.00682778, 0.00670196, 0.210841)
body_offset = Transform3D(0.980453, -0.194387, 0.0300798, -0.0190344, -0.245965, -0.969092, 0.195778, 0.949577, -0.244858, 0.00165501, 0.205843, 0.0465989)
bone_name = "mixamorig7_LeftUpLeg"
joint_constraints/bias = 0.3
joint_constraints/damping = 1.0
joint_constraints/impulse_clamp = 0.0

[node name="CollisionShape3D" type="CollisionShape3D" parent="man/Skeleton3D/PhysicalBoneSimulator3D/Physical Bone mixamorig7_LeftUpLeg"]
transform = Transform3D(1, 0, 0, 0, 0, 1, 0, -1, 0, 0, 0, 0)
shape = SubResource("CapsuleShape3D_men70")

[node name="Physical Bone mixamorig7_LeftLeg" type="PhysicalBone3D" parent="man/Skeleton3D/PhysicalBoneSimulator3D"]
transform = Transform3D(-0.927229, 0.374254, -0.0134104, 0.0587297, 0.180685, 0.981786, 0.369861, 0.909553, -0.189516, 0.0875672, 0.412101, 0.415478)
collision_layer = 4
collision_mask = 5
joint_type = 1
joint_offset = Transform3D(1, 0, 0, 0, 1, 0, 0, 0, 1, -0.0181387, -0.0951975, 0.20349)
body_offset = Transform3D(0.970639, -0.235309, 0.0496962, 0.0394233, -0.0481713, -0.998057, 0.237249, 0.970718, -0.0374897, -0.0149074, 0.199224, 0.104342)
bone_name = "mixamorig7_LeftLeg"
joint_constraints/bias = 0.3
joint_constraints/damping = 1.0
joint_constraints/impulse_clamp = 0.0

[node name="CollisionShape3D" type="CollisionShape3D" parent="man/Skeleton3D/PhysicalBoneSimulator3D/Physical Bone mixamorig7_LeftLeg"]
transform = Transform3D(1, 0, 0, 0, 0, 1, 0, -1, 0, 0, 0, 0)
shape = SubResource("CapsuleShape3D_au3at")

[node name="Physical Bone mixamorig7_LeftFoot" type="PhysicalBone3D" parent="man/Skeleton3D/PhysicalBoneSimulator3D"]
transform = Transform3D(-0.913648, 0.288864, -0.286016, 0.0924367, 0.832795, 0.54581, 0.395857, 0.472239, -0.787583, 0.109979, 0.127367, 0.534726)
collision_layer = 4
collision_mask = 5
joint_type = 1
joint_offset = Transform3D(1, 0, 0, 0, 1, 0, 0, 0, 1, -0.0120406, -0.0615224, 0.190543)
body_offset = Transform3D(0.970957, -0.121542, 0.206032, 0.208826, 0.010557, -0.977895, 0.116679, 0.992521, 0.0356369, -0.0350446, 0.189495, 0.0556768)
bone_name = "mixamorig7_LeftFoot"
joint_constraints/bias = 0.3
joint_constraints/damping = 1.0
joint_constraints/impulse_clamp = 0.0

[node name="CollisionShape3D" type="CollisionShape3D" parent="man/Skeleton3D/PhysicalBoneSimulator3D/Physical Bone mixamorig7_LeftFoot"]
transform = Transform3D(1, 0, 0, 0, 0, 1, 0, -1, 0, 0, 0, 0)
shape = SubResource("CapsuleShape3D_wc11i")

[node name="Physical Bone mixamorig7_LeftToeBase" type="PhysicalBone3D" parent="man/Skeleton3D/PhysicalBoneSimulator3D"]
transform = Transform3D(-0.881881, 0.11394, -0.457496, 0.17187, 0.981278, -0.086913, 0.439028, -0.155277, -0.884954, 0.152299, 0.0761449, 0.639701)
collision_layer = 4
collision_mask = 5
joint_type = 1
joint_offset = Transform3D(1, 0, 0, 0, 1, 0, 0, 0, 1, 0.0211868, 0.0183793, 0.152616)
body_offset = Transform3D(0.970921, 0.0335963, 0.236986, 0.238966, -0.0795166, -0.96776, -0.013672, 0.996264, -0.0852245, -0.0573559, 0.144094, -0.0050144)
bone_name = "mixamorig7_LeftToeBase"
joint_constraints/bias = 0.3
joint_constraints/damping = 1.0
joint_constraints/impulse_clamp = 0.0

[node name="CollisionShape3D" type="CollisionShape3D" parent="man/Skeleton3D/PhysicalBoneSimulator3D/Physical Bone mixamorig7_LeftToeBase"]
transform = Transform3D(1, 0, 0, 0, 0, 1, 0, -1, 0, 0, 0, 0)
shape = SubResource("CapsuleShape3D_gldu6")

[node name="Physical Bone mixamorig7_RightUpLeg" type="PhysicalBone3D" parent="man/Skeleton3D/PhysicalBoneSimulator3D"]
transform = Transform3D(-0.902751, -0.411858, -0.124155, 0.088669, -0.460586, 0.883175, -0.420927, 0.786278, 0.452313, -0.0750793, 0.69784, -0.110864)
collision_layer = 4
collision_mask = 5
joint_type = 1
joint_offset = Transform3D(1, 0, 0, 0, 1, 0, 0, 0, 1, -0.011403, 0.0173492, 0.204084)
body_offset = Transform3D(0.959032, 0.272218, 0.0783278, 0.0990622, -0.0632543, -0.993069, -0.265377, 0.960144, -0.0876293, -0.00977232, 0.204896, -0.00180006)
bone_name = "mixamorig7_RightUpLeg"
joint_constraints/bias = 0.3
joint_constraints/damping = 1.0
joint_constraints/impulse_clamp = 0.0

[node name="CollisionShape3D" type="CollisionShape3D" parent="man/Skeleton3D/PhysicalBoneSimulator3D/Physical Bone mixamorig7_RightUpLeg"]
transform = Transform3D(1, 0, 0, 0, 0, 1, 0, -1, 0, 0, 0, 0)
shape = SubResource("CapsuleShape3D_o2tku")

[node name="Physical Bone mixamorig7_RightLeg" type="PhysicalBone3D" parent="man/Skeleton3D/PhysicalBoneSimulator3D"]
transform = Transform3D(-0.820328, -0.523563, -0.230097, 0.431781, -0.830832, 0.351116, -0.375003, 0.188678, 0.907619, -0.00152484, 0.435066, -0.399861)
collision_layer = 4
collision_mask = 5
joint_type = 1
joint_offset = Transform3D(1, 0, 0, 0, 1, 0, 0, 0, 1, 0.030335, -0.00357323, 0.209178)
body_offset = Transform3D(0.904002, 0.419589, 0.0818787, 0.0552942, 0.0751564, -0.995634, -0.423914, 0.90459, 0.0447317, -0.0430509, 0.206856, 0.00673485)
bone_name = "mixamorig7_RightLeg"
joint_constraints/bias = 0.3
joint_constraints/damping = 1.0
joint_constraints/impulse_clamp = 0.0

[node name="CollisionShape3D" type="CollisionShape3D" parent="man/Skeleton3D/PhysicalBoneSimulator3D/Physical Bone mixamorig7_RightLeg"]
transform = Transform3D(1, 0, 0, 0, 0, 1, 0, -1, 0, 0, 0, 0)
shape = SubResource("CapsuleShape3D_ih6uv")

[node name="Physical Bone mixamorig7_RightFoot" type="PhysicalBone3D" parent="man/Skeleton3D/PhysicalBoneSimulator3D"]
transform = Transform3D(-0.869737, -0.440848, 0.221835, 0.488334, -0.703794, 0.51595, -0.0713291, 0.55707, 0.827397, 0.0243991, 0.316439, -0.65855)
collision_layer = 4
collision_mask = 5
joint_type = 1
joint_offset = Transform3D(1, 0, 0, 0, 1, 0, 0, 0, 1, 0.049912, 0.0145727, 0.0602754)
body_offset = Transform3D(0.892774, 0.244044, -0.378651, -0.387304, -0.0134619, -0.921853, -0.230072, 0.969661, 0.0824958, -0.0252932, 0.0750924, -0.00761974)
bone_name = "mixamorig7_RightFoot"
joint_constraints/bias = 0.3
joint_constraints/damping = 1.0
joint_constraints/impulse_clamp = 0.0

[node name="CollisionShape3D" type="CollisionShape3D" parent="man/Skeleton3D/PhysicalBoneSimulator3D/Physical Bone mixamorig7_RightFoot"]
transform = Transform3D(1, 0, 0, 0, 0, 1, 0, -1, 0, 0, 0, 0)
shape = SubResource("CapsuleShape3D_bxyuc")

[node name="MeshInstance3D" type="MeshInstance3D" parent="man"]
transform = Transform3D(1, 0, 0, 0, 1, 0, 0, 0, 1, 0, 0.498405, 0.803459)
material_override = SubResource("StandardMaterial3D_4n60b")
mesh = SubResource("BoxMesh_r2sqw")
skeleton = NodePath("../..")

[node name="Kill" type="Area3D" parent="man"]
transform = Transform3D(1, 0, 0, 0, 1, 0, 0, 0, 1, 0, 0.479671, 0.78516)
collision_layer = 0
collision_mask = 2

[node name="CollisionShape3D" type="CollisionShape3D" parent="man/Kill"]
shape = SubResource("BoxShape3D_hjwg7")
disabled = true

[node name="CollisionShape3D" type="CollisionShape3D" parent="."]
transform = Transform3D(1, 0, 0, 0, 1, -0.00020944, 0, 0.00020944, 1, 0, 0.890821, 0)
shape = SubResource("CapsuleShape3D_1eoi7")

[node name="Aggro" type="Area3D" parent="."]
collision_layer = 0
collision_mask = 2

[node name="CollisionShape3D" type="CollisionShape3D" parent="Aggro"]
transform = Transform3D(1, 0, 0, 0, 1, 0, 0, 0, 1, 0, 1.169, 3.23064)
shape = SubResource("BoxShape3D_26xuq")

[node name="AnimationTree" type="AnimationTree" parent="."]
root_node = NodePath("../man")
tree_root = SubResource("AnimationNodeStateMachine_2kua6")
anim_player = NodePath("../man/AnimationPlayer")
parameters/conditions/idle = false
parameters/conditions/kick = false
parameters/conditions/run = true
parameters/conditions/walk = false

[connection signal="body_entered" from="man/Kill" to="." method="_on_kill_body_entered"]
[connection signal="body_entered" from="Aggro" to="." method="_on_area_3d_body_entered"]

[editable path="man"]
